"Border Village"
".\music\k4t05.imf"
1728,256,-1
112,63
0,1,0
0,1,0
0,1,0
0,1,0
0,1,0
0,1,0
0,1,0
0,1,0
0,1,0
0,1,0
0,1,0
0,1,0
0,1,0
0,1,0
0,1,0
0,1,0
2,1,0
2,1,0
2,1,0
2,1,0
0,1,0
0,1,0
0,1,0
0,1,0
0,1,0
0,1,0
0,1,0
0,1,0
0,1,0
0,1,0
0,1,0
0,1,0
0,1,0
0,1,0
0,1,0
0,1,0
0,1,0
0,1,0
0,1,0
0,1,0
0,1,0
0,1,0
0,1,0
0,1,0
0,1,0
0,1,0
0,1,0
0,1,0
0,1,0
0,1,0
0,1,0
0,1,0
0,1,0
0,1,0
0,1,0
0,1,0
0,1,0
0,1,0
0,1,0
0,1,0
0,1,0
0,1,0
0,1,0
0,2276,0
0,1,0
0,1,0
0,1,0
0,1,0
0,1,0
0,1,0
0,1,0
0,1,0
0,1,0
0,1,0
0,1,0
0,1,0
0,1,0
0,1,0
0,1,0
0,1,0
2,1,0
2,1,0
2,1,0
2,1,0
0,1,0
0,1,0
0,1,0
0,1,0
0,1,0
0,1,0
0,1,0
0,1,0
0,1,0
0,1,0
0,1,0
0,1,0
0,1,0
0,1,0
0,1,0
0,1,0
0,1,0
0,1,0
0,1,0
0,1,0
0,1,0
0,1,0
0,1,0
0,1,0
0,1,0
0,1,0
0,1,0
0,1,0
0,1,0
0,1,0
0,1,0
0,1,0
0,1,0
0,1,0
0,1,0
0,1,0
0,1,0
0,1,0
0,1,0
0,1,0
0,1,0
0,1,0
0,1,0
0,2276,0
2,1,0
2,1,0
2,1,0
2,1,0
2,1,0
2,1,0
2,1,0
2,1,0
2,1,0
2,1,0
2,1,0
2,1,0
2,1,0
2,1,0
2,1,0
2,1,0
2,1,0
2,1,0
2,1,0
2,1,0
0,1,0
0,1,0
0,1,0
0,1,0
0,1,0
0,1,0
0,1,0
0,1,0
0,1,0
0,1,0
0,1,0
0,1,0
0,1,0
0,1,0
0,1,0
0,1,0
0,1,0
0,1,0
0,1,0
0,1,0
0,1,0
0,1,0
0,1,0
0,1,0
0,1,0
0,1,0
0,1,0
0,1,0
0,1,0
0,1,0
0,1,0
0,1,0
0,1,0
0,1,0
0,1,0
0,1,0
0,1,0
0,1,0
0,1,0
0,1,0
0,1,0
0,1,0
0,1,0
0,2276,0
0,1,0
0,1,0
0,1,0
0,1,0
0,1,0
0,0,216
0,0,234
0,0,252
0,0,270
0,0,288
0,0,306
0,0,324
0,0,342
0,0,360
0,0,378
0,0,396
0,0,414
0,1622,0
0,1640,0
0,2766,0
0,2766,0
0,2784,0
0,2766,0
0,2276,0
0,2276,0
0,2276,0
0,2276,0
0,2276,0
0,2276,0
0,2276,0
0,2276,0
0,2276,0
0,2276,0
0,2276,0
0,2276,0
0,2276,0
0,2276,0
0,2276,0
0,2276,0
0,2276,0
0,2608,0
0,2590,0
0,2604,0
0,2586,0
0,2640,0
0,1877,0
0,1877,0
0,1877,0
0,1877,0
0,1877,0
0,2030,0
0,2622,0
0,2640,0
0,2622,0
0,2640,0
0,2622,0
0,2640,0
0,2622,0
0,2640,0
0,2622,0
0,2640,0
0,2622,0
0,2276,0
0,2276,0
0,1,0
0,1,0
0,1,0
0,1,0
0,1,0
0,0,217
0,0,235
0,0,253
0,0,271
0,0,289
0,0,307
0,0,325
0,0,343
0,0,361
0,0,379
0,0,397
0,0,415
0,1622,0
0,1640,0
0,2767,0
0,2767,0
0,2785,0
0,2767,0
0,2276,0
0,2276,0
0,2276,0
0,2276,0
0,2276,0
0,2276,0
0,2276,0
0,2276,0
0,2276,0
0,2276,0
0,2276,0
0,2276,0
0,2276,0
0,2276,0
0,2276,0
0,2276,0
0,2276,0
0,2609,0
0,2591,0
0,2605,0
0,2587,0
0,3376,80
0,1860,194
0,1860,195
0,1860,194
0,1860,194
0,2013,0
0,1856,0
0,2623,0
0,2641,0
0,2623,0
0,2641,0
0,2623,0
0,2641,0
0,2623,0
0,2641,0
0,2623,0
0,2641,0
0,2623,0
0,2276,0
0,2276,0
0,1,0
0,1,0
0,1,0
0,1,0
0,1,0
0,0,218
0,0,236
0,0,254
0,0,272
0,0,290
0,0,308
0,0,326
0,0,344
2610,0,362
0,0,380
0,0,398
0,0,416
0,2992,20
0,3010,0
0,2764,0
0,2764,0
0,2782,0
0,2764,0
0,2276,0
0,2276,0
0,2276,0
0,2276,0
0,2276,0
0,2276,0
0,2276,0
0,2276,0
0,2276,0
0,2276,0
0,2276,0
0,2276,0
0,2276,0
0,2276,0
0,2276,0
0,2276,0
0,2276,0
0,2606,0
0,2588,0
0,2602,0
0,2584,0
0,3373,80
0,0,197
0,0,388
0,0,196
0,0,194
0,1838,194
0,1855,0
0,2620,0
0,2638,0
0,2620,0
0,2638,0
0,2620,0
0,2638,0
0,2620,0
0,2638,0
0,2620,0
0,2638,0
0,2620,0
0,2276,0
0,2276,0
0,1,0
0,1,0
0,1,0
0,1,0
0,1,0
0,0,219
0,0,237
0,0,255
0,0,273
0,0,291
0,0,309
0,0,327
2610,0,345
0,0,363
0,0,381
0,2725,399
0,2743,417
0,2993,20
0,3011,0
0,2765,0
0,2765,0
0,2783,0
0,2765,0
0,2276,0
0,2276,0
0,2276,0
0,2276,0
0,2276,0
0,2276,0
0,2276,0
0,2276,0
0,2276,0
0,2276,0
0,2276,0
0,2276,0
0,2276,0
0,2276,0
0,2276,0
0,2276,0
0,2276,0
0,2607,0
0,2589,0
0,2603,0
0,2585,0
0,3374,80
0,0,194
0,0,212
0,0,194
0,0,194
0,1838,194
0,1855,0
0,2621,0
0,2639,0
0,2621,0
0,2639,0
0,2621,0
0,2639,0
0,2621,0
0,2639,0
0,2621,0
0,2639,0
0,2621,0
0,2276,0
0,2276,0
0,1,0
0,1,0
0,1,0
0,1,0
0,1,0
0,0,220
0,0,238
0,0,256
0,0,274
0,0,292
0,0,310
0,0,328
2610,0,346
0,0,364
0,0,382
0,2726,400
0,2709,418
0,1622,0
0,1640,0
0,2766,0
0,2766,0
0,2784,0
0,2766,0
0,2276,0
0,2276,0
0,2276,0
0,2276,0
0,2276,0
0,2276,0
0,2276,0
0,2276,0
0,2276,0
0,2276,0
0,2276,0
0,2276,0
0,2276,0
0,2276,0
0,2276,0
0,2276,0
0,2276,0
0,2608,0
0,2590,0
0,2604,0
0,2586,0
0,3375,80
0,0,194
0,0,195
0,0,195
0,0,195
0,1838,194
0,1855,0
0,2622,0
0,2640,0
0,2622,0
0,2640,0
0,1877,0
0,1877,0
0,1877,0
0,1877,0
0,2030,0
0,2640,0
0,2622,0
0,2276,0
0,2276,0
0,1,0
0,1,0
0,1,0
0,1,0
0,1,0
0,0,221
0,0,239
0,0,257
0,0,275
0,0,293
0,0,311
0,0,115
0,0,347
2610,0,365
0,0,383
0,2727,401
0,2745,419
0,1622,0
0,1640,0
0,2767,0
0,2767,0
0,2785,0
0,2767,0
0,2276,0
0,2276,0
0,2276,0
0,2276,0
0,2276,0
0,2276,0
0,2276,0
0,2276,0
0,2276,0
0,2276,0
0,2276,0
0,2276,0
0,2276,0
0,2276,0
0,2276,0
0,2276,0
0,2276,0
0,2609,0
0,2591,0
0,2605,0
0,2587,0
0,3376,80
0,0,197
0,0,408
0,0,426
11012,3065,16
0,1838,194
0,1855,0
0,2623,0
0,2641,0
0,2623,0
0,3376,68
0,1860,86
0,1860,68
0,1860,86
0,2013,68
0,2031,0
0,2641,0
0,2623,0
0,2276,0
0,2276,0
0,1,0
0,1,0
0,1,0
0,1,0
0,1,0
0,0,222
0,0,240
0,0,258
0,0,276
0,0,294
0,0,312
0,0,116
0,0,348
0,0,366
0,0,384
0,0,402
0,0,420
0,1622,0
0,1640,0
0,2764,0
0,2764,0
0,2782,0
0,2764,0
0,2276,0
0,2276,0
0,2276,0
0,2276,0
0,2276,0
0,2276,0
0,2276,0
0,2276,0
0,2276,0
0,2276,0
0,2276,0
0,2276,0
0,2276,0
0,2276,0
0,2276,0
0,2276,0
0,2276,0
0,2606,0
0,2588,0
0,2602,0
0,2584,0
0,3373,80
0,0,197
0,0,409
0,0,427
11016,0,16
0,1844,80
1856,0,0
2620,0,0
2638,0,0
2638,0,0
3355,0,69
0,0,87
0,0,69
0,0,87
0,1838,69
0,1856,0
0,2638,0
0,2620,0
0,2276,0
0,2276,0
0,1,0
0,1,0
0,1,0
0,1,0
0,1,0
0,0,223
0,0,241
0,0,259
0,0,277
0,0,295
0,3230,313
0,3248,331
0,3266,349
0,3284,367
0,3302,385
0,3320,403
0,3338,421
0,1622,0
0,1640,0
0,2765,0
0,2765,0
0,2783,0
0,2765,0
0,2276,0
0,2276,0
0,2276,0
0,2276,0
0,2276,0
0,2276,0
0,2276,0
0,2276,0
0,2276,0
0,2276,0
0,2276,0
0,2276,0
0,2276,0
0,2276,0
0,2276,0
0,2276,0
0,2276,0
0,2607,0
0,2589,0
0,2603,0
0,2585,0
0,3374,80
0,0,194
0,0,212
0,0,212
0,1885,212
0,1845,80
1863,0,0
2621,1882,0
2639,1882,0
2639,1882,0
3356,1882,70
0,1881,88
0,1883,70
0,0,88
0,1838,70
0,1856,0
0,2639,0
0,2621,0
0,2276,0
0,2276,0
0,1,0
0,1,0
0,1,0
0,1,0
0,1,0
0,0,224
0,0,242
0,0,260
0,0,278
0,0,296
0,3231,314
0,3249,332
0,3267,350
0,3285,368
0,3303,386
0,3321,404
0,3339,422
0,1622,0
0,1640,0
0,2766,0
0,2766,0
0,2784,0
0,2766,0
0,2276,0
0,2276,0
0,2276,0
0,2276,0
0,2276,0
0,2276,0
0,2276,0
0,2276,0
0,2276,0
0,2276,0
0,2276,0
0,2276,0
0,2276,0
0,2276,0
0,2276,0
0,2276,0
0,2276,0
0,2608,0
0,2590,0
0,2608,0
0,2586,0
0,3375,80
0,0,194
0,0,195
0,0,194
0,0,194
0,1846,80
1856,0,0
2622,0,0
2640,0,0
2640,0,0
3357,0,67
0,0,85
0,0,67
0,0,85
0,1838,67
0,1856,0
0,2640,0
0,2622,0
0,2276,0
0,2276,0
0,1,0
0,1,0
0,1,0
0,1,0
0,1,0
0,0,225
0,0,243
0,0,261
0,0,279
0,0,297
0,3232,315
0,3250,333
0,3268,351
0,3286,369
0,3304,387
0,3322,405
11008,3340,423
0,1622,0
0,1640,0
0,2767,0
0,2767,0
0,2785,0
0,2767,0
0,2276,0
0,2276,0
0,2276,0
0,2276,0
0,2276,0
0,2276,0
0,2276,0
0,2276,0
0,2276,0
0,2276,0
0,2276,0
0,2276,0
0,2276,0
0,2276,0
0,2276,0
0,2276,0
0,2276,0
0,2276,0
0,2591,0
0,2609,0
0,2591,0
0,3376,80
0,1996,197
0,1996,388
0,1996,196
0,1996,194
0,1996,22
0,2032,0
0,2623,0
0,2641,0
0,2623,0
0,3376,68
0,1898,86
0,0,68
0,0,86
0,1838,68
0,1856,0
0,2641,0
0,2623,0
0,2276,0
0,2276,0
0,1,0
0,1,0
0,1,0
0,1,0
0,1,0
0,0,226
0,0,244
0,0,262
0,0,280
0,0,298
0,3233,316
0,3251,334
0,3269,352
0,3287,370
0,3305,388
0,3323,406
11048,3341,424
0,1622,0
0,1640,0
0,2764,0
0,2764,0
0,2782,0
0,2764,0
0,2276,0
0,2276,0
0,2276,0
0,2276,0
0,2276,0
0,2276,0
0,2276,0
0,2276,0
0,2276,0
0,2276,0
0,2276,0
0,2276,0
0,2276,0
0,2276,0
0,2276,0
0,2276,0
0,2276,0
0,2276,0
0,2588,0
0,2606,0
0,2588,0
0,2638,0
0,2620,0
0,2638,0
0,2620,0
0,2638,0
0,2620,0
0,2638,0
0,2620,0
0,2638,0
0,2620,0
0,2638,0
0,3355,87
0,638,0
0,0,87
0,1838,69
0,1856,0
0,2638,0
0,2620,0
0,2276,0
0,2276,0
0,1,0
0,1,0
0,1,0
0,1,0
0,1,0
0,0,227
0,0,245
0,0,263
0,0,281
0,0,299
0,3234,317
0,3252,335
0,3270,353
0,3288,371
0,3306,389
0,3324,407
0,3342,425
0,1622,0
0,1640,0
0,2765,0
0,2765,0
0,2783,0
0,2765,0
0,2276,0
0,2276,0
0,2276,0
0,2276,0
0,2276,0
0,2276,0
0,2276,0
0,2276,0
0,2276,0
0,2276,0
0,2276,0
0,2276,0
0,2276,0
0,2276,0
0,2276,0
0,2276,0
0,2276,0
0,2276,0
0,2276,0
0,2607,0
0,2589,0
0,2607,0
0,2585,0
0,2603,0
0,2585,0
0,2603,0
0,2585,0
0,2603,0
0,2585,0
0,2603,0
0,2585,0
0,2639,0
0,3356,88
0,0,70
0,0,88
0,1838,70
0,1856,0
0,2639,0
0,2621,0
0,2276,0
0,2276,0
0,1,0
0,1,0
0,1,0
0,1,0
0,1,0
0,0,228
0,0,246
0,0,264
0,0,282
0,0,300
0,3235,318
0,3253,336
0,3271,354
0,3289,372
0,3307,390
0,3325,408
0,3343,426
0,1622,0
0,1640,0
0,2766,0
0,2766,0
0,2784,0
0,2766,0
0,2276,0
0,2276,0
0,2276,0
0,2276,0
0,2276,0
0,2276,0
0,2276,0
0,2276,0
0,2276,0
0,2276,0
0,2276,0
0,2276,0
0,2276,0
0,2276,0
0,2276,0
0,2276,0
0,2276,0
0,2276,0
0,2276,0
0,2276,0
0,2590,0
0,2608,0
0,2590,0
0,2604,0
0,2586,0
0,2604,0
0,2586,0
0,2604,0
0,2586,0
0,2604,0
0,2586,0
0,2640,0
0,3357,85
0,0,67
0,0,85
0,1838,67
0,1856,0
0,2640,0
0,2622,0
0,2276,0
0,2276,0
0,1,0
0,1,0
0,1,0
0,1,0
0,1,0
0,0,229
0,0,247
0,0,265
0,0,283
0,0,301
0,3236,319
0,3254,337
0,3272,355
0,3290,373
0,3308,391
0,3326,409
0,3344,427
0,1622,0
0,1640,0
0,2767,0
0,2767,0
0,2785,0
0,2767,0
0,2276,0
0,2276,0
0,2276,0
0,2276,0
0,2276,0
0,2276,0
0,2276,0
0,2276,0
0,2276,0
0,2276,0
0,2276,0
0,2276,0
0,2276,0
0,2276,0
0,2276,0
0,2276,0
0,2276,0
0,2276,0
0,2276,0
0,2276,0
0,2276,0
0,2276,0
0,2591,0
0,2609,0
0,2591,0
0,2609,0
0,2591,0
0,2609,0
0,2591,0
0,2605,0
0,2587,0
0,2641,0
0,3358,86
0,0,68
0,0,86
0,1838,68
0,1856,0
0,2641,0
0,2623,0
0,1,0
0,1,0
0,1,0
0,1,0
0,1,0
0,1,0
0,1,0
0,0,230
0,0,248
0,0,266
0,0,284
0,0,302
0,0,320
0,3255,338
0,3273,356
0,3291,374
0,3309,392
0,3327,410
0,3345,428
0,1622,0
0,1640,0
0,2764,0
0,2764,0
0,2782,0
0,2764,0
0,2276,0
0,2276,0
0,2276,0
0,2276,0
0,2276,0
0,2276,0
0,2276,0
0,2276,0
0,2276,0
0,2276,0
0,2276,0
0,2276,0
0,2276,0
0,2276,0
0,2276,0
0,2276,0
0,2276,0
0,2276,0
0,2276,0
0,2276,0
0,2276,0
0,2276,0
0,2276,0
0,2606,0
0,2588,0
0,2606,0
0,2588,0
0,2606,0
0,2588,0
0,2602,0
0,2584,0
0,2638,0
0,3355,87
0,0,69
0,0,87
0,1838,69
0,1856,0
0,2638,0
0,2620,0
0,2276,0
0,2276,0
0,1,0
0,1,0
0,1,0
0,1,0
0,1,0
0,0,231
0,0,249
0,0,267
0,0,285
0,0,303
0,0,321
0,3256,339
0,3274,357
0,3292,375
0,3310,393
0,3328,411
0,3346,429
0,1622,0
0,1640,0
0,2765,0
0,2765,0
0,2783,0
0,2765,0
0,2276,0
0,2276,0
0,2276,0
0,2276,0
0,2276,0
0,2276,0
0,2276,0
0,2276,0
0,2276,0
0,2276,0
0,2276,0
0,2276,0
0,2276,0
0,2276,0
0,2276,0
0,2276,0
0,2276,0
0,2276,0
0,2276,0
0,2276,0
0,2276,0
0,2276,0
0,2276,0
0,2276,0
0,2276,0
0,2276,0
0,2589,0
0,2607,0
0,2589,0
0,2603,0
0,2585,0
0,2639,0
0,3356,88
0,0,70
0,0,88
0,1838,70
0,1856,0
0,2639,0
0,2621,0
0,1,0
0,1,0
0,1,0
0,1,0
0,1,0
0,1,0
0,1,0
0,0,232
0,0,250
0,0,268
0,0,286
0,0,304
0,0,322
0,3257,340
0,3275,358
0,3293,376
0,3311,394
0,3329,412
0,0,430
0,1622,0
0,1640,0
0,2766,0
0,2766,0
0,2784,0
0,2766,0
0,2276,0
0,2276,0
0,2276,0
0,2276,0
0,2276,0
0,2276,0
0,2276,0
0,2276,0
0,2276,0
0,2276,0
0,2276,0
0,2276,0
0,2276,0
0,2276,0
0,2276,0
0,2276,0
0,2276,0
0,2276,0
0,2276,0
0,2276,0
0,2276,0
0,2276,0
0,2276,0
0,2276,0
0,2276,0
0,2276,0
0,2276,0
0,2608,0
0,2590,0
0,2604,0
0,2586,0
0,2640,0
0,3357,85
0,0,67
0,0,85
0,1838,67
0,1856,0
0,2640,0
0,2622,0
0,2276,0
0,2276,0
0,1,0
0,1,0
0,1,0
0,1,0
0,1,0
0,0,233
0,0,251
0,0,269
0,0,287
0,0,305
0,0,323
0,0,341
0,0,359
0,0,377
0,0,395
0,0,413
0,0,431
0,3188,20
0,3206,0
0,2767,0
0,2767,0
0,2785,0
0,2767,0
0,2276,0
0,2276,0
0,2276,0
0,2276,0
0,2276,0
0,2276,0
0,2276,0
0,2276,0
0,2276,0
0,2276,0
0,2276,0
0,2276,0
0,2276,0
0,2276,0
0,2276,0
0,2276,0
0,2276,0
0,2276,0
0,2276,0
0,2276,0
0,2276,0
0,2276,0
0,2276,0
0,2276,0
0,2276,0
0,2276,0
0,2276,0
0,2609,0
0,2591,0
0,2605,0
0,2587,0
0,2641,0
0,3358,86
0,0,68
0,0,86
0,1838,68
0,1856,0
0,2641,0
0,2623,0
0,2276,0
0,2276,0
0,1,0
0,1,0
0,1,0
0,1,0
0,1,0
0,0,216
0,0,234
0,0,252
0,0,270
0,0,288
0,0,306
0,0,324
0,0,342
0,0,360
0,0,378
0,0,396
0,0,414
0,3189,20
0,3207,0
0,2764,0
0,2764,0
0,2782,0
0,2764,0
0,2276,0
0,2276,0
0,2276,0
0,2276,0
0,2276,0
0,2276,0
0,2276,0
0,2276,0
0,2276,0
0,2276,0
0,2276,0
0,2276,0
0,2276,0
0,2276,0
0,2276,0
0,2276,0
0,2276,0
0,2276,0
0,2276,0
0,2276,0
0,2276,0
0,2276,0
0,2276,0
0,2276,0
0,2276,0
0,2276,0
0,2588,0
0,2606,0
0,2588,0
0,2602,0
0,2584,0
0,2638,0
0,3355,87
0,638,638
0,0,87
0,1838,69
0,1856,0
0,2638,0
0,2620,0
0,2276,0
0,2276,0
0,1,0
0,1,0
0,1,0
0,1,0
0,1,0
0,0,217
0,0,235
0,0,253
0,0,271
0,0,289
0,0,307
0,0,325
0,0,343
0,0,361
0,0,379
0,0,397
0,0,415
0,1622,0
0,1640,0
0,2765,0
0,2765,0
0,2783,0
0,2765,0
0,2276,0
0,2276,0
0,2276,0
0,2276,0
0,2589,0
0,2607,0
0,2589,0
0,2607,0
0,2589,0
0,2607,0
0,2276,0
0,2276,0
0,2276,0
0,2276,0
0,2276,0
0,2276,0
0,2276,0
0,2276,0
0,2276,0
0,2276,0
0,2276,0
0,2276,0
0,2276,0
0,2276,0
0,2276,0
0,2276,0
0,2589,0
0,2607,0
0,2589,0
0,2603,0
0,2585,0
0,2639,0
0,3356,88
0,0,70
0,0,88
0,1838,70
0,1856,0
0,2639,0
0,2621,0
0,2276,0
0,2276,0
0,1,0
0,1,0
0,1,0
0,1,0
0,1,0
0,0,218
0,0,236
0,0,254
0,0,272
0,0,290
0,0,308
0,0,326
2610,0,344
0,0,362
0,0,380
0,0,398
0,0,416
0,1622,0
0,1640,0
0,2766,0
0,2766,0
0,2784,0
0,2766,0
0,2276,0
0,2276,0
0,2276,0
0,2608,0
0,2590,0
0,2604,0
0,2586,0
0,2604,0
0,2586,0
0,2608,0
0,2590,0
0,2608,0
0,2276,0
0,2276,0
0,2276,0
0,2276,0
0,2276,0
0,2276,0
0,2276,0
0,2276,0
0,2276,0
0,2276,0
0,2276,0
0,2276,0
0,2276,0
0,2276,0
0,2590,0
0,2608,0
0,2590,0
0,2604,0
0,2586,0
0,2640,0
0,3357,85
0,0,67
0,0,85
0,1838,67
0,1856,0
0,2640,0
0,2622,0
0,2276,0
0,2276,0
0,1,0
0,1,0
0,1,0
0,1,0
0,1,0
0,0,219
0,0,237
0,0,255
0,0,273
0,0,291
0,0,309
2610,0,327
0,0,345
0,0,363
0,0,381
0,0,399
0,0,417
0,1622,0
0,1640,0
0,2767,0
0,2767,0
0,2785,0
0,2767,0
0,2276,0
0,2276,0
0,2591,0
0,2605,0
0,2587,0
0,2605,0
0,2587,0
0,2605,0
0,2587,0
0,2605,0
0,2587,0
0,2605,0
0,2591,0
0,2276,0
0,2276,0
0,2276,0
0,2276,0
0,2276,0
0,2276,0
0,2276,0
0,2276,0
0,2276,0
0,2276,0
0,2276,0
0,2276,0
0,2276,0
0,2591,0
0,2609,0
0,2591,0
0,2605,0
0,2587,0
0,2641,0
0,3358,86
0,0,68
0,0,86
0,1838,68
0,1856,0
0,2641,0
0,2623,0
0,2276,0
0,2276,0
0,1,0
0,1,0
0,1,0
0,1,0
0,1,0
0,0,220
0,0,238
0,0,256
0,0,274
0,0,292
0,0,310
2610,0,328
0,0,346
0,0,364
0,0,382
0,0,400
0,0,418
0,1622,0
0,1640,0
0,2764,0
0,2764,0
0,2782,0
0,2764,0
0,2276,0
0,2606,0
0,2588,0
0,2602,0
0,2620,0
0,1877,0
0,1877,0
0,1877,0
0,1877,0
0,1877,0
0,2030,0
0,2602,0
0,2584,0
0,2606,0
0,2276,0
0,2276,0
0,2276,0
0,2276,0
0,2276,0
0,2276,0
0,2276,0
0,2276,0
0,2276,0
0,2276,0
0,2276,0
0,2276,0
0,2588,0
0,2606,0
0,2588,0
0,2602,0
0,2584,0
0,2638,0
0,3355,87
0,0,69
0,0,87
0,1838,69
0,1856,0
0,2638,0
0,2620,0
0,2276,0
0,2276,0
0,1,0
0,1,0
0,1,0
0,1,0
0,1,0
0,0,221
0,0,239
0,0,257
0,0,275
2610,0,293
0,0,311
0,0,329
2610,0,347
0,0,365
0,0,383
0,0,401
0,0,419
0,1622,0
0,1719,0
0,2765,0
0,2765,0
0,2783,0
0,2765,0
0,2276,0
0,2607,0
0,2585,0
0,2639,0
0,3356,80
2955,1860,194
0,1860,195
0,1860,195
0,1860,195
0,2013,0
0,1856,0
0,2603,0
0,2585,0
0,2607,0
0,2276,0
0,2276,0
0,2276,0
0,2276,0
0,2276,0
0,2276,0
0,2276,0
0,2276,0
0,2276,0
0,2276,0
0,2276,0
0,2276,0
0,2589,0
0,2607,0
0,2585,0
0,2603,0
0,2585,0
0,2639,0
0,3356,88
0,0,70
0,0,88
0,1838,70
0,1856,0
0,2639,0
0,2621,0
0,2276,0
0,2276,0
0,1,0
0,1,0
0,1,0
0,1,0
0,1,0
0,0,222
0,0,240
0,0,258
2610,0,276
0,0,294
0,0,312
0,0,330
0,0,348
0,0,366
0,0,384
0,0,402
0,1754,420
0,1702,0
0,1720,67
0,2766,85
0,2766,0
0,2784,0
0,2766,0
0,2276,0
0,2608,0
0,2586,0
0,2640,0
0,3357,80
0,0,197
0,0,408
0,0,426
11040,3065,16
0,1838,194
0,2031,0
0,2638,0
0,2586,0
0,2608,0
0,2276,0
0,2276,0
0,2276,0
0,2276,0
0,2276,0
0,2276,0
0,2276,0
0,2276,0
0,2276,0
0,2276,0
0,2276,0
0,2608,0
0,2590,0
0,2608,0
0,2586,0
0,2604,0
0,2586,0
0,2640,0
0,3357,85
0,0,67
0,0,85
0,1838,67
0,1856,0
0,2640,0
0,2622,0
0,2276,0
0,2276,0
0,1,0
0,1,0
0,1,0
0,1,0
0,1,0
0,0,223
0,0,241
0,0,259
2610,0,277
0,0,295
0,0,313
0,0,331
0,0,349
0,0,367
0,0,385
0,0,403
0,1771,421
0,1789,67
0,2785,85
0,2767,86
0,2767,0
0,2785,0
0,2767,0
0,2276,0
0,2609,0
0,2587,0
0,2641,0
0,3358,80
0,0,197
0,0,409
0,0,427
11016,0,16
0,1838,194
0,1856,0
0,2605,0
0,2587,0
0,2609,0
0,2276,0
0,2276,0
0,2276,0
0,2276,0
0,2276,0
0,2276,0
0,2276,0
0,2276,0
0,2276,0
0,2276,0
0,2591,0
0,2609,0
0,2591,0
0,2609,0
0,2587,0
0,2605,0
0,2587,0
0,2641,0
0,3358,86
0,0,68
0,0,86
0,1838,68
0,1856,0
0,2641,0
0,2623,0
0,2276,0
0,2276,0
0,1,0
0,1,0
0,1,0
0,1,0
0,1,0
0,0,224
0,0,242
0,0,260
0,0,278
2610,0,296
0,0,314
0,0,332
0,0,350
0,0,368
0,0,386
0,1754,404
0,1772,422
0,1790,68
0,2782,86
0,2764,0
0,2764,0
0,2782,0
0,2764,0
0,2276,0
0,2606,0
0,2588,0
0,2638,0
0,3355,80
0,1996,194
0,1996,212
0,1996,212
0,1996,212
0,1996,22
0,2032,0
0,2602,0
0,2584,0
0,2606,0
0,2276,0
0,2276,0
0,2276,0
0,2276,0
0,2276,0
0,2276,0
0,2276,0
0,2276,0
0,2276,0
0,2276,0
0,2588,0
0,2606,0
0,2588,0
0,2602,0
0,2584,0
0,2602,0
0,2584,0
0,2638,0
0,3355,87
0,638,0
0,0,87
0,1838,69
0,1856,0
0,2638,0
0,2620,0
0,2276,0
0,2276,0
0,1,0
0,1,0
0,1,0
0,1,0
0,1,0
0,0,225
0,0,243
0,0,261
0,0,279
0,0,297
0,0,315
0,0,333
0,0,351
0,0,369
0,0,387
0,1708,405
0,1726,423
0,2765,68
0,2783,86
0,2765,0
0,2765,0
0,2783,0
0,2765,0
0,2276,0
0,2276,0
0,2589,0
0,2603,0
0,2621,0
0,2639,0
0,2621,0
0,2639,0
0,2621,0
0,2639,0
0,2621,0
0,2603,0
0,2585,0
0,2607,0
0,2276,0
0,2276,0
0,2276,0
0,2276,0
0,2276,0
0,2276,0
0,2276,0
0,2276,0
0,2276,0
0,2607,0
0,2589,0
0,2607,0
0,2585,0
0,2603,0
0,2585,0
0,2603,0
0,2585,0
0,2639,0
0,1916,88
0,0,70
0,0,88
0,1838,70
0,1856,0
0,2639,0
0,2621,0
0,1,0
0,1,0
0,1,0
0,1,0
0,1,0
0,1,0
0,1,0
0,0,226
0,0,244
0,0,262
0,0,280
0,0,298
0,0,316
0,0,334
0,0,352
0,0,370
0,0,388
0,1709,406
0,1727,424
0,2766,0
0,2784,0
0,2766,0
0,2766,0
0,2784,0
0,2766,0
0,2276,0
0,2276,0
0,2590,0
0,2604,0
0,2586,0
0,2604,0
0,2586,0
0,2604,0
0,2586,0
0,2604,0
0,2586,0
0,2604,0
0,2590,0
0,2608,0
0,2276,0
0,2276,0
0,2276,0
0,2276,0
0,2276,0
0,2276,0
0,2276,0
0,2276,0
0,2590,0
0,2608,0
0,2590,0
0,2604,0
0,2586,0
0,2604,0
0,2586,0
0,2604,0
0,2622,0
0,1916,67
0,1917,85
0,0,67
0,0,85
0,1838,67
0,1856,0
0,2640,0
0,2622,0
0,2276,0
0,2276,0
0,1,0
0,1,0
0,1,0
0,1,0
0,1,0
0,0,227
0,0,245
0,0,263
0,0,281
0,0,299
0,0,99
0,0,117
0,0,135
0,0,153
0,0,389
0,1622,407
0,1653,425
0,2767,0
0,2785,0
0,2767,0
0,2767,0
0,2785,0
0,2767,0
0,2276,0
0,2276,0
0,2591,0
0,2609,0
0,2587,0
0,2605,0
0,2587,0
0,2605,0
0,2587,0
0,2605,0
0,2591,0
0,2609,0
0,2591,0
0,2276,0
0,2276,0
0,2276,0
0,2276,0
0,2276,0
0,2276,0
0,2276,0
0,2276,0
0,2609,0
0,2591,0
0,2609,0
0,2591,0
0,2605,0
0,2587,0
0,2605,0
0,2623,0
0,2641,0
0,1916,86
0,1917,68
0,0,86
0,0,68
0,0,86
0,1838,68
0,1856,0
0,2641,0
0,2623,0
0,2276,0
0,2276,0
0,1,0
0,1,0
0,1,0
0,1,0
0,1,0
0,0,228
0,0,246
0,0,264
2917,0,282
0,0,300
0,0,100
0,0,118
0,0,136
0,0,154
0,0,390
0,1636,408
0,1654,426
0,2764,67
0,2782,85
0,2764,0
0,2764,0
0,2782,0
0,2764,0
0,2276,0
0,2276,0
0,2276,0
0,2606,0
0,2588,0
0,2606,0
0,2588,0
0,2606,0
0,2588,0
0,2606,0
0,2588,0
0,2276,0
0,2276,0
0,2276,0
0,2276,0
0,2276,0
0,2276,0
0,2276,0
0,2276,0
0,2276,0
0,2276,0
0,2606,0
0,2588,0
0,2602,0
0,2584,0
0,2602,0
0,2584,0
0,2638,0
0,1877,0
0,1916,69
0,1917,87
0,0,69
0,3860,87
0,3878,69
0,3896,87
0,3914,22
0,3932,0
0,2638,0
0,2620,0
0,2276,0
0,2276,0
0,1,0
0,1,0
0,1,0
0,1,0
0,1,0
0,0,229
0,0,247
2917,0,265
0,0,283
0,0,301
0,0,319
0,0,337
0,0,355
0,0,373
0,0,391
0,1658,409
0,1676,427
0,1694,68
0,2783,86
0,2765,0
0,2765,0
0,2783,0
0,2765,0
0,2276,0
0,2276,0
0,2276,0
0,2276,0
0,2276,0
0,2276,0
0,2276,0
0,2276,0
0,2276,0
0,2276,0
0,2276,0
0,2276,0
0,2276,0
0,2276,0
0,2276,0
0,2276,0
0,2276,0
0,2276,0
0,2276,0
0,2276,0
0,2589,0
0,2607,0
0,2589,0
0,2603,0
0,2585,0
0,2603,0
0,2621,0
0,3378,574
0,1899,88
0,1917,70
0,0,88
0,0,70
0,3861,88
0,3879,70
0,3897,88
0,3915,22
0,3933,0
0,2639,0
0,2621,0
0,2276,0
0,2276,0
0,1,0
0,1,0
0,1,0
0,1,0
0,1,0
0,0,230
0,0,248
2917,0,266
0,0,284
0,0,302
0,0,320
0,0,338
0,0,356
0,0,374
0,0,392
0,1659,410
0,1677,428
0,1695,0
0,1713,67
0,2766,85
0,2766,0
0,2784,0
0,2766,0
0,2276,0
0,2276,0
0,2276,0
0,2276,0
0,2276,0
0,2276,0
0,2276,0
0,2276,0
0,2276,0
0,2276,0
0,2276,0
0,2276,0
0,2276,0
0,2276,0
0,2276,0
0,2276,0
0,2276,0
0,2276,0
0,2276,0
0,2276,0
0,2590,0
0,2608,0
0,2586,0
0,2604,0
0,2586,0
0,2640,0
0,2622,0
0,1916,67
0,0,85
0,0,67
0,0,85
0,0,67
0,0,85
0,0,67
0,0,85
0,1838,67
0,1856,0
0,2640,0
0,2622,0
0,2276,0
0,2276,0
0,1,0
0,1,0
0,1,0
0,1,0
0,1,0
0,0,231
0,0,249
0,0,267
2917,0,285
0,0,303
0,0,321
0,1426,339
0,0,357
0,0,375
0,0,393
0,0,411
0,1680,429
0,1698,0
0,1716,68
0,2767,86
0,2767,0
0,2785,0
0,2767,0
0,2276,0
0,2276,0
0,2276,0
0,2276,0
0,2276,0
0,2276,0
0,2276,0
0,2276,0
0,2276,0
0,2276,0
0,2276,0
0,2276,0
0,2276,0
0,2276,0
0,2276,0
0,2276,0
0,2276,0
0,2276,0
0,2276,0
0,2609,0
0,2591,0
0,2609,0
0,2587,0
0,2605,0
0,2623,0
0,2641,0
0,1916,86
0,1917,68
0,0,86
0,0,68
0,0,86
0,0,68
0,0,86
0,3788,68
0,3806,86
0,3824,68
0,3842,0
0,2641,0
0,2623,0
0,2276,0
0,2276,0
0,1,0
0,1,0
0,1,0
0,1,0
0,1,0
0,0,232
0,0,250
0,0,268
0,0,286
0,0,304
0,0,322
0,0,340
0,0,358
0,0,376
0,0,394
0,0,412
0,0,430
0,1699,0
0,1640,0
0,2764,0
0,2764,0
0,2782,0
0,2764,0
0,2276,0
0,2276,0
0,2276,0
0,2276,0
0,2276,0
0,2276,0
0,2276,0
0,2276,0
0,2276,0
0,2276,0
0,2276,0
0,2276,0
0,2276,0
0,2276,0
0,2276,0
0,2276,0
0,2276,0
0,2276,0
0,2588,0
0,2606,0
0,2584,0
0,2602,0
0,2584,0
0,2638,0
0,2620,0
0,1916,69
0,1917,87
0,0,69
0,0,87
0,0,69
2916,0,87
2916,0,69
0,0,87
0,3789,69
0,3807,87
0,3825,69
0,3843,0
0,2638,0
0,2620,0
0,2276,0
0,2276,0
0,1,0
0,1,0
0,1,0
0,1,0
0,1,0
0,0,233
0,0,251
0,0,269
0,0,287
0,0,305
0,0,323
0,3240,341
0,3258,359
0,3276,377
0,3294,395
0,3312,413
0,3330,431
0,1622,0
0,1640,0
0,2765,0
0,2765,0
0,2783,0
0,2765,0
0,2276,0
0,2276,0
0,2276,0
0,2276,0
0,2276,0
0,2276,0
0,2276,0
0,2276,0
0,2276,0
0,2276,0
0,2276,0
0,2276,0
0,2276,0
0,2276,0
0,2276,0
0,2276,0
0,2276,0
0,2607,0
0,2589,0
0,2603,0
0,2585,0
0,2603,0
0,2621,0
0,2639,0
0,1916,88
0,1917,70
0,0,88
0,0,70
0,0,88
0,0,70
0,0,88
0,0,70
0,0,88
0,3790,70
0,3808,88
0,3826,70
0,3844,0
0,2639,0
0,2621,0
0,2276,0
0,2276,0
0,1,0
0,1,0
0,1,0
0,1,0
0,1,0
0,0,216
0,0,234
0,0,252
0,0,270
0,0,288
0,0,306
0,3241,324
0,3259,342
0,3277,360
0,3295,378
0,3313,396
0,3331,414
0,1622,0
0,1640,0
0,2766,0
0,2766,0
0,2784,0
0,2766,0
0,2276,0
0,2276,0
0,2276,0
0,2276,0
0,2276,0
0,2276,0
0,2276,0
0,2276,0
0,2276,0
0,2276,0
0,2276,0
0,2276,0
0,2276,0
0,2276,0
0,2276,0
0,2276,0
0,2276,0
0,2608,0
0,2590,0
0,2604,0
0,2586,0
0,2640,0
0,2622,0
0,3375,67
0,1917,85
0,0,67
0,0,85
0,0,67
0,0,85
2916,0,67
2916,0,85
0,0,67
0,0,85
0,3791,67
0,3809,85
0,3827,67
0,3845,0
0,2640,0
0,2622,0
0,2276,0
0,2276,0
0,1,0
0,1,0
0,1,0
0,1,0
0,1,0
0,0,217
0,0,235
0,0,253
0,0,271
0,0,289
0,3224,307
0,3242,325
0,3260,343
0,3278,361
0,3296,379
0,3314,397
11027,3332,415
0,1622,0
0,1640,0
0,2767,0
0,2767,0
0,2785,0
0,2767,0
0,2276,0
0,2276,0
0,2276,0
0,2276,0
0,2276,0
0,2276,0
0,2276,0
0,2276,0
0,2276,0
0,2276,0
0,2276,0
0,2276,0
0,2276,0
0,2276,0
0,2276,0
0,2276,0
0,2591,0
0,2609,0
0,2591,0
0,2605,0
0,2585,0
0,2641,0
0,2623,0
0,1916,68
0,0,86
0,0,68
0,0,86
0,0,68
0,0,86
0,0,68
0,0,86
0,0,68
0,0,86
0,3792,68
0,3810,86
0,3828,68
0,3846,0
0,2641,0
0,2623,0
0,2276,0
0,2276,0
0,1,0
0,1,0
0,1,0
0,1,0
0,1,0
0,0,218
0,0,236
0,0,254
0,0,272
0,0,290
0,3225,308
0,3243,326
0,3261,344
0,3279,362
0,3297,380
0,3315,398
11031,3333,416
0,1622,0
0,1640,0
0,2764,0
0,2764,0
0,2782,0
0,2764,0
0,2276,0
0,2276,0
0,2276,0
0,2276,0
0,2276,0
0,2276,0
0,2276,0
0,2276,0
0,2276,0
0,2276,0
0,2276,0
0,2276,0
0,2276,0
0,2276,0
0,2276,0
0,2606,0
0,2588,0
0,2606,0
0,2588,0
0,2602,0
0,2584,0
0,2638,0
0,3355,87
0,1917,69
0,0,87
0,0,69
0,0,87
0,0,69
2919,0,87
2919,0,69
0,0,87
0,0,69
0,0,87
0,3793,69
0,3811,87
0,3829,69
0,3847,0
0,2638,0
0,2620,0
0,1,0
0,1,0
0,1,0
0,1,0
0,1,0
0,1,0
0,1,0
0,0,219
0,0,237
0,0,255
0,0,273
0,0,291
0,3226,309
0,3244,327
0,3262,345
0,3280,363
0,3298,381
0,3316,399
0,3334,417
0,1622,0
0,1640,0
0,2765,0
0,2765,0
0,2783,0
0,2765,0
0,2276,0
0,2276,0
0,2276,0
0,2276,0
0,2276,0
0,2276,0
0,2276,0
0,2276,0
0,2276,0
0,2276,0
0,2276,0
0,2276,0
0,2276,0
0,2276,0
0,2589,0
0,2607,0
0,2589,0
0,2358,0
0,2585,0
0,2603,0
0,2585,0
0,2639,0
0,3356,88
0,0,70
0,3780,88
0,3798,70
0,3816,88
0,3834,70
0,3852,88
0,3870,70
0,3888,88
0,3906,70
0,3924,88
0,3942,70
0,3960,88
0,3978,22
0,1856,0
0,2639,0
0,2621,0
0,2276,0
0,2276,0
0,1,0
0,1,0
0,1,0
0,1,0
0,1,0
0,0,220
0,0,238
0,0,256
0,0,274
0,0,292
0,3227,310
0,3245,328
0,3263,346
0,3281,364
0,3299,382
0,3317,400
0,3335,418
0,1622,0
0,1640,0
0,2766,0
0,2766,0
0,2784,0
0,2766,0
0,2276,0
0,2276,0
0,2276,0
0,2276,0
0,2276,0
0,2276,0
0,2276,0
0,2276,0
0,2276,0
0,2276,0
0,2276,0
0,2276,0
0,2276,0
0,2608,0
0,2590,0
0,2608,0
0,2590,0
0,2359,0
0,2586,0
0,2604,0
0,2586,0
0,2640,0
0,3357,85
0,0,67
0,3781,85
0,3799,67
0,3817,85
0,3835,67
0,3853,85
0,3871,67
0,3889,85
0,3907,67
0,3925,85
0,3943,67
0,3961,85
0,3979,22
0,1856,0
0,2640,0
0,2622,0
0,2276,0
0,2276,0
0,1,0
0,1,0
0,1,0
0,1,0
0,1,0
0,0,221
0,0,239
0,0,257
0,0,275
0,0,293
0,3228,311
0,3246,115
0,3264,347
0,3282,365
0,3300,383
0,3318,401
0,3336,419
0,1622,0
0,1640,0
0,2767,0
0,2767,0
0,2785,0
0,2767,0
0,2276,0
0,2276,0
0,2276,0
0,2276,0
0,2276,0
0,2276,0
0,2276,0
0,2276,0
0,2276,0
0,2276,0
0,2276,0
0,2276,0
0,2276,0
0,2609,0
0,2591,0
0,2609,0
0,2623,0
0,2641,0
0,2587,0
0,2605,0
0,2587,0
0,2641,0
0,1916,86
0,0,68
0,3782,86
0,3800,68
0,3818,86
0,3836,68
0,3854,86
0,3872,68
0,3890,86
0,3908,68
0,3926,86
0,3944,68
0,3962,86
0,3980,22
0,1856,0
0,2641,0
0,2623,0
0,2276,0
0,2276,0
0,1,0
0,1,0
0,1,0
0,1,0
0,1,0
0,0,222
0,0,240
0,0,258
0,0,276
0,0,294
0,0,312
0,3247,116
0,3265,348
0,3283,366
0,3301,384
0,3319,402
0,3337,420
0,1622,0
0,1640,0
0,2764,0
0,2764,0
0,2782,0
0,2764,0
0,2276,0
0,2276,0
0,2276,0
0,2276,0
0,2276,0
0,2276,0
0,2276,0
0,2276,0
0,2276,0
0,2276,0
0,2276,0
0,2276,0
0,2276,0
0,2606,0
0,2588,0
0,2602,0
0,2620,0
0,3648,0
0,3666,0
11002,3684,0
0,2584,0
0,3373,69
0,1917,87
0,0,69
0,3783,87
0,3801,69
0,3819,87
0,3837,69
0,3855,87
0,3873,69
0,3891,87
0,3909,69
0,3927,87
0,3945,69
0,3963,87
0,3981,22
0,1856,0
0,2638,0
0,2620,0
0,2276,0
0,2276,0
0,1,0
0,1,0
0,1,0
0,1,0
0,1,0
0,0,223
0,0,241
0,0,259
0,0,277
0,0,295
0,0,313
0,0,331
0,0,349
0,0,367
0,0,385
0,2725,403
0,2743,421
0,1622,0
0,1640,0
0,2765,0
0,2765,0
0,2783,0
0,2765,0
0,2276,0
0,2276,0
0,2276,0
0,2276,0
0,2276,0
0,2276,0
0,2276,0
0,2276,0
0,2276,0
0,2276,0
0,2276,0
0,2276,0
0,2276,0
0,2607,0
0,2589,0
0,2603,0
0,2621,0
0,3649,0
0,3667,0
11016,3685,0
0,2585,0
0,3374,70
0,0,88
0,0,70
0,3784,88
0,3802,70
0,3820,88
0,3838,70
0,3856,88
0,3874,70
0,3892,88
0,3910,70
0,3928,88
0,3946,70
0,3964,88
0,3982,22
0,1856,0
0,2639,0
0,2621,0
0,2276,0
0,2276,0
0,1,0
0,1,0
0,1,0
0,1,0
0,1,0
0,0,224
0,0,242
0,0,260
0,0,278
0,0,296
0,0,314
0,0,332
0,0,350
0,0,368
0,0,386
0,2726,404
0,2709,422
0,1622,0
0,1640,0
0,2766,0
0,2766,0
0,2784,0
0,2766,0
0,2276,0
0,2276,0
0,2276,0
0,2276,0
0,2276,0
0,2276,0
0,2276,0
0,2276,0
0,2276,0
0,2276,0
0,2276,0
0,2276,0
0,2276,0
0,2608,0
0,2590,0
0,2604,0
0,2622,0
0,2640,0
0,2622,0
0,2640,0
0,2622,0
0,3375,67
0,0,85
0,0,67
0,3785,85
0,3803,67
0,3821,85
0,3839,67
0,3857,85
0,3875,67
0,3893,85
0,3911,67
0,3929,85
0,3947,67
0,3965,85
0,3983,22
0,1856,0
0,2640,0
0,2622,0
0,2276,0
0,2276,0
0,1,0
0,1,0
0,1,0
0,1,0
0,1,0
0,0,225
0,0,243
0,0,261
0,0,279
0,0,297
0,0,315
0,0,333
0,0,351
0,0,369
0,0,387
0,2727,405
0,2745,423
0,1622,0
0,1640,0
0,2767,0
0,2767,0
0,2785,0
0,2767,0
0,2276,0
0,2276,0
0,2276,0
0,2276,0
0,2276,0
0,2276,0
0,2276,0
0,2276,0
0,2276,0
0,2276,0
0,2276,0
0,2276,0
0,2276,0
0,2276,0
0,2591,0
0,2609,0
0,2591,0
0,2609,0
0,2587,0
0,2605,0
0,2587,0
0,3376,68
0,1898,86
0,0,68
0,3786,86
0,3804,68
0,3822,86
0,3840,68
0,3858,86
0,3876,68
0,3894,86
0,3912,68
0,3930,86
0,3948,68
0,3966,86
0,3984,22
0,1856,0
0,2641,0
0,2623,0
0,2276,0
0,2276,0
0,1,0
0,1,0
0,1,0
0,1,0
0,1,0
0,0,226
0,0,244
0,0,262
0,0,280
0,0,298
0,0,316
0,0,334
0,0,352
0,0,370
0,0,388
0,0,406
0,0,424
0,1622,0
0,1640,0
0,2764,0
0,2782,0
0,2764,0
0,2764,0
0,2276,0
0,2276,0
0,2276,0
0,2276,0
0,2276,0
0,2276,0
0,2276,0
0,2276,0
0,2276,0
0,2276,0
0,2276,0
0,2276,0
0,2276,0
0,2276,0
0,2276,0
0,2606,0
0,2588,0
0,2606,0
0,2588,0
0,2602,0
0,2584,0
0,2638,0
0,3355,87
0,0,69
0,3787,87
0,3805,69
0,3823,87
0,3841,69
0,3859,87
0,3877,69
0,3895,87
0,3913,69
0,3931,87
0,3949,69
0,3967,87
0,3985,22
0,1856,0
0,2638,0
0,2620,0
0,2276,0
0,2276,0
0,1,0
0,1,0
0,1,0
0,1,0
0,1,0
0,0,227
0,0,245
0,0,263
0,0,281
0,0,299
0,0,317
0,0,335
0,0,353
0,0,371
0,0,389
0,0,407
0,0,425
0,1622,0
0,1643,0
0,1661,0
0,1661,0
0,1661,0
0,1814,0
0,2276,0
0,2276,0
0,2276,0
0,2276,0
0,2276,0
0,2276,0
0,2276,0
0,2276,0
0,2276,0
0,2276,0
0,2276,0
0,2276,0
0,2276,0
0,2276,0
0,2276,0
0,2607,0
0,2589,0
0,2607,0
0,2589,0
0,2603,0
0,2585,0
0,2639,0
0,3356,88
0,0,70
0,0,88
0,0,70
0,0,88
0,0,70
2919,0,88
2919,0,70
0,0,88
0,0,70
0,0,88
0,3788,70
0,3806,88
0,3824,70
0,3842,0
0,2639,0
0,2621,0
0,2276,0
0,2276,0
0,1,0
0,1,0
0,1,0
0,1,0
0,1,0
0,0,228
0,0,246
0,0,264
0,0,282
0,0,300
0,0,318
0,0,336
0,0,354
0,0,372
0,0,390
0,0,408
0,0,426
0,1626,26
0,1644,44
0,1644,62
0,1800,80
0,1818,0
0,1815,0
0,2276,0
0,2276,0
0,2276,0
0,2276,0
0,2276,0
0,2276,0
0,2276,0
0,2276,0
0,2276,0
0,2276,0
0,2276,0
0,2276,0
0,2276,0
0,2276,0
0,2276,0
0,2276,0
0,2276,0
0,2608,0
0,2590,0
0,2604,0
0,2586,0
0,2640,0
0,3357,85
0,1898,67
0,0,85
0,0,67
0,0,85
0,0,67
0,0,85
0,0,67
0,0,85
0,0,67
0,0,85
0,3789,67
0,3807,85
0,3825,67
0,3843,0
0,2640,0
0,2622,0
0,2276,0
0,2276,0
0,1,0
0,1,0
0,1,0
0,1,0
0,1,0
0,0,229
0,0,247
0,0,265
0,0,283
0,0,301
0,0,104
0,0,337
2610,0,355
2610,0,373
2610,0,391
0,0,409
0,0,427
0,0,26
0,1638,44
0,1780,62
0,1801,80
0,1819,20
0,1816,0
0,2276,0
0,2276,0
0,2276,0
0,2276,0
0,2276,0
0,2276,0
0,2276,0
0,2276,0
0,2276,0
0,2276,0
0,2276,0
0,2276,0
0,2276,0
0,2276,0
0,2276,0
0,2276,0
0,2276,0
0,2609,0
0,2591,0
0,2609,0
0,2587,0
0,2641,0
0,2623,0
0,3376,68
0,1898,86
0,0,68
0,0,86
0,0,68
0,0,86
2916,0,68
2916,0,86
0,0,68
0,0,86
0,3790,68
0,3808,86
0,3826,68
0,3844,0
0,2641,0
0,2623,0
0,2276,0
0,2276,0
0,1,0
0,1,0
0,1,0
0,1,0
0,1,0
0,0,230
0,0,248
0,0,266
0,0,284
0,0,302
0,0,320
0,0,338
0,0,356
0,0,374
0,0,392
0,0,410
0,0,428
0,1621,27
0,1639,45
0,1660,0
0,1660,0
0,1660,0
0,1660,0
0,2276,0
0,2276,0
0,2276,0
0,2276,0
0,2276,0
0,2276,0
0,2276,0
0,2276,0
0,2276,0
0,2276,0
0,2276,0
0,2276,0
0,2276,0
0,2276,0
0,2276,0
0,2276,0
0,2276,0
0,2606,0
0,2588,0
0,2606,0
0,2584,0
0,2602,0
0,2620,0
0,2638,0
0,3355,87
0,1898,69
0,0,87
0,0,69
0,0,87
0,0,69
0,0,87
0,0,69
0,0,87
0,3791,69
0,3809,87
0,3827,69
0,3845,0
0,2638,0
0,2620,0
0,1,0
0,1,0
0,1,0
0,1,0
0,1,0
0,1,0
0,1,0
0,0,231
0,0,249
0,0,267
0,0,285
0,0,303
0,0,321
0,0,339
0,0,357
0,0,375
0,0,393
0,0,411
0,0,429
0,1622,0
0,1640,0
0,1660,0
0,1660,0
0,1660,0
0,1660,0
0,2276,0
0,2276,0
0,2276,0
0,2276,0
0,2276,0
0,2276,0
0,2276,0
0,2276,0
0,2276,0
0,2276,0
0,2276,0
0,2276,0
0,2276,0
0,2276,0
0,2276,0
0,2276,0
0,2276,0
0,2276,0
0,2589,0
0,2607,0
0,2589,0
0,2603,0
0,2621,0
0,2639,0
0,2621,0
0,3374,70
0,1996,88
0,1996,70
0,1898,88
0,0,70
2916,0,88
2916,0,70
0,0,88
0,3792,70
0,3810,88
0,3828,70
0,3846,0
0,2639,0
0,2621,0
0,2276,0
0,2276,0
0,1,0
0,1,0
0,1,0
0,1,0
0,1,0
0,0,232
0,0,250
0,0,268
0,0,286
0,0,304
0,0,322
0,0,340
0,0,358
0,0,376
0,0,394
0,0,412
0,0,430
0,1622,0
0,1643,0
0,1661,0
0,1661,0
0,1661,0
0,1814,0
0,2276,0
0,2276,0
0,2276,0
0,2276,0
0,2276,0
0,2276,0
0,2276,0
0,2276,0
0,2276,0
0,2276,0
0,2276,0
0,2276,0
0,2276,0
0,2276,0
0,2276,0
0,2276,0
0,2276,0
0,2276,0
0,2590,0
0,2608,0
0,2590,0
0,2604,0
0,2586,0
0,2640,0
0,2622,0
0,2640,0
0,2622,85
0,2640,67
0,3357,85
0,1898,67
0,0,85
0,0,67
0,0,85
0,3793,67
0,3811,85
0,3829,67
0,3847,0
0,2640,0
0,2622,0
0,2276,0
0,2276,0
0,1,0
0,1,0
0,1,0
0,1,0
0,1,0
0,0,233
0,0,251
0,0,269
0,0,287
0,0,305
0,0,323
0,0,341
0,0,359
0,0,377
0,0,395
0,0,413
0,0,431
0,1626,26
0,1644,44
0,1644,62
0,1800,80
0,1818,0
0,1815,0
0,2276,0
0,2276,0
0,2276,0
0,2276,0
0,2276,0
0,2276,0
0,2276,0
0,2276,0
0,2276,0
0,2276,0
0,2276,0
0,2276,0
0,2276,0
0,2276,0
0,2276,0
0,2276,0
0,2276,0
0,2276,0
0,2591,0
0,2609,0
0,2591,0
0,2605,0
0,2587,0
0,2605,0
0,2587,0
0,2641,0
0,2623,0
0,2641,0
0,2623,0
0,3376,68
0,1898,86
0,0,68
0,3860,86
0,3878,68
0,3896,86
0,3914,22
0,3932,0
0,2641,0
0,2623,0
0,2276,0
0,2276,0
0,1,0
0,1,0
0,1,0
0,1,0
0,1,0
0,0,216
0,0,234
0,0,252
0,0,270
0,0,288
0,0,306
2610,0,324
2610,0,342
2610,0,360
0,0,378
0,0,396
0,0,414
0,0,26
0,1638,44
0,1780,62
0,1801,80
0,1819,20
0,1816,0
0,2276,0
0,2276,0
0,2276,0
0,2276,0
0,2276,0
0,2276,0
0,2276,0
0,2276,0
0,2276,0
0,2276,0
0,2276,0
0,2276,0
0,2276,0
0,2276,0
0,2276,0
0,2276,0
0,2276,0
0,2276,0
0,2276,0
0,2606,0
0,2588,0
0,2606,0
0,2584,0
0,2602,0
0,2584,0
0,2602,0
0,2584,0
0,2638,0
0,2620,0
0,2638,0
0,3355,87
0,1898,69
0,3861,87
0,3879,69
0,3897,87
0,3915,22
0,3933,0
0,2638,0
0,2620,0
0,2276,0
0,2276,0
0,1,0
0,1,0
0,1,0
0,1,0
0,1,0
0,0,217
0,0,235
0,0,253
0,0,271
0,0,289
0,0,307
0,0,325
0,0,343
0,0,361
0,0,379
0,0,397
0,0,415
0,1621,27
0,1639,45
0,1660,0
0,1660,0
0,1660,0
0,1660,0
0,2276,0
0,2276,0
0,2276,0
0,2276,0
0,2276,0
0,2276,0
0,2276,0
0,2276,0
0,2276,0
0,2276,0
0,2276,0
0,2276,0
0,2276,0
0,2276,0
0,2276,0
0,2276,0
0,2276,0
0,2276,0
0,2276,0
0,2276,0
0,2589,0
0,2607,0
0,2589,0
0,2603,0
0,2585,0
0,2603,0
0,2585,0
0,2603,0
0,2621,0
0,2639,0
0,2621,0
0,3374,80
0,1898,88
0,0,70
0,0,88
0,1838,70
0,1856,0
0,2639,0
0,2621,0
0,2276,0
0,2276,0
0,1,0
0,1,0
0,1,0
0,1,0
0,1,0
0,0,218
0,0,236
0,0,254
0,0,272
0,0,290
0,0,308
0,0,326
0,0,344
0,0,362
0,0,380
0,0,398
0,0,416
0,1622,0
0,1640,0
0,1660,0
0,1660,0
0,1660,0
0,1660,0
0,2276,0
0,2276,0
0,2276,0
0,2276,0
0,2276,0
0,2276,0
0,2276,0
0,2276,0
0,2276,0
0,2276,0
0,2276,0
0,2276,0
0,2276,0
0,2276,0
0,2276,0
0,2276,0
0,2276,0
0,2276,0
0,2276,0
0,2276,0
0,2276,0
0,2608,0
0,2590,0
0,2608,0
0,2590,0
0,2604,0
0,2586,0
0,2604,0
0,2586,0
0,2640,0
0,2622,0
0,2640,0
0,3357,85
0,0,67
0,0,85
0,1838,67
0,1856,0
0,2640,0
0,2622,0
0,2276,0
0,2276,0
0,1,0
0,1,0
0,1,0
0,1,0
0,1,0
0,0,219
0,0,237
0,0,255
0,0,273
0,0,291
0,0,309
0,0,327
0,0,345
2610,0,363
0,0,381
0,0,399
0,0,417
0,1622,0
0,1643,0
0,1661,0
0,1661,0
0,1661,0
0,1814,0
0,2276,0
0,2276,0
0,2276,0
0,2276,0
0,2276,0
0,2276,0
0,2276,0
0,2276,0
0,2276,0
0,2276,0
0,2276,0
0,2276,0
0,2276,0
0,2276,0
0,2276,0
0,2276,0
0,2276,0
0,2276,0
0,2276,0
0,2276,0
0,2276,0
0,2609,0
0,2591,0
0,2609,0
0,2591,0
0,2609,0
0,2587,0
0,2605,0
0,2587,0
0,2605,0
0,2623,0
0,2641,0
0,3358,86
0,0,68
0,0,86
0,1838,68
0,1856,0
0,2641,0
0,2623,0
0,2276,0
0,2276,0
0,1,0
0,1,0
0,1,0
0,1,0
0,1,0
0,0,220
0,0,238
0,0,256
0,0,274
0,0,292
0,0,310
0,0,328
2610,0,346
0,0,364
0,0,382
0,0,400
0,0,418
0,1626,26
0,1644,44
0,1644,62
0,1800,80
0,1818,0
0,1815,0
0,2276,0
0,2276,0
0,2276,0
0,2276,0
0,2276,0
0,2276,0
0,2276,0
0,2276,0
0,2276,0
0,2276,0
0,2276,0
0,2276,0
0,2276,0
0,2276,0
0,2276,0
0,2276,0
0,2276,0
0,2276,0
0,2276,0
0,2276,0
0,2276,0
0,2276,0
0,2276,0
0,2606,0
0,2588,0
0,2606,0
0,2588,0
0,2606,0
0,2584,0
0,2602,0
0,2620,0
0,2638,0
0,3355,87
0,0,69
0,0,87
0,1838,69
0,1856,0
0,2638,0
0,2620,0
0,2276,0
0,2276,0
0,1,0
0,1,0
0,1,0
0,1,0
0,1,0
0,0,221
0,0,239
0,0,257
0,0,275
0,0,293
0,0,311
0,0,329
2610,0,347
0,0,365
0,0,383
0,0,401
0,0,419
0,0,26
0,1638,44
0,1780,62
0,1801,80
0,1819,20
0,1816,0
0,2276,0
0,2276,0
0,2276,0
0,2276,0
0,2276,0
0,2276,0
0,2276,0
0,2276,0
0,2276,0
0,2276,0
0,2276,0
0,2276,0
0,2276,0
0,2276,0
0,2276,0
0,2276,0
0,2276,0
0,2276,0
0,2276,0
0,2276,0
0,2276,0
0,2276,0
0,2276,0
0,2276,0
0,2589,0
0,2607,0
0,2589,0
0,2603,0
0,2585,0
0,2584,0
0,2602,0
0,2639,0
0,3356,88
0,638,638
0,0,88
0,1838,70
0,1856,0
0,2639,0
0,2621,0
0,2276,0
0,2276,0
0,1,0
0,1,0
0,1,0
0,1,0
0,1,0
0,0,222
0,0,240
0,0,258
0,0,276
0,0,294
0,0,312
0,0,330
0,0,348
2610,0,366
0,0,384
0,0,402
0,0,420
0,1621,27
0,1639,45
0,2766,0
0,2784,0
0,2766,0
0,2766,0
0,2276,0
0,2276,0
0,2276,0
0,2276,0
0,2276,0
0,2276,0
0,2276,0
0,2276,0
0,2276,0
0,2276,0
0,2276,0
0,2276,0
0,2276,0
0,2276,0
0,2276,0
0,2276,0
0,2276,0
0,2276,0
0,2276,0
0,2276,0
0,2276,0
0,2276,0
0,2276,0
0,2276,0
0,2590,0
0,2608,0
0,2590,0
0,2604,0
0,2586,0
0,2585,0
0,2603,0
0,2640,0
0,3357,85
0,0,67
0,0,85
0,1838,67
0,1856,0
0,2640,0
0,2622,0
0,2276,0
0,2276,0
0,1,0
0,1,0
0,1,0
0,1,0
0,1,0
0,0,223
0,0,241
0,0,259
0,0,277
0,0,295
0,0,313
0,0,331
0,0,349
0,0,367
0,0,385
0,0,403
0,0,430
0,1622,0
0,1640,0
0,2767,0
0,2767,0
0,2785,0
0,2767,0
0,2276,0
0,2276,0
0,2276,0
0,2276,0
0,2276,0
0,2276,0
0,2276,0
0,2276,0
0,2276,0
0,2276,0
0,2276,0
0,2276,0
0,2276,0
0,2276,0
0,2276,0
0,2276,0
0,2276,0
0,2276,0
0,2276,0
0,2276,0
0,2276,0
0,2276,0
0,2276,0
0,2609,0
0,2591,0
0,2609,0
0,2591,0
0,2605,0
0,2587,0
0,2586,0
0,2604,0
0,2641,0
0,3358,86
0,0,68
0,0,86
0,1838,68
0,1856,0
0,2641,0
0,2623,0
0,2276,0
0,2276,0
0,1,0
0,1,0
0,1,0
0,1,0
0,1,0
0,0,224
0,0,242
0,0,260
0,0,278
0,0,296
0,3230,314
0,3248,332
0,3266,350
0,3284,368
0,3302,386
0,3320,404
0,3338,422
0,1622,0
0,1640,0
0,2764,0
0,2764,0
0,2782,0
0,2764,0
0,2276,0
0,2276,0
0,2276,0
0,2276,0
0,2276,0
0,2276,0
0,2276,0
0,2276,0
0,2276,0
0,2276,0
0,2276,0
0,2276,0
0,2276,0
0,2276,0
0,2276,0
0,2276,0
0,2276,0
0,2276,0
0,2276,0
0,2276,0
0,2276,0
0,2276,0
0,2276,0
0,2606,0
0,2588,0
0,2606,0
0,2588,0
0,2606,0
0,2584,0
0,2587,0
0,2605,0
0,2638,0
0,3355,87
0,0,69
0,0,87
0,1838,69
0,1856,0
0,2638,0
0,2620,0
0,2276,0
0,2276,0
0,1,0
0,1,0
0,1,0
0,1,0
0,1,0
0,0,225
0,0,243
0,0,261
0,0,279
0,0,297
0,3231,315
0,3249,333
0,3267,351
0,3285,369
0,3303,387
0,3321,405
0,3339,423
0,1622,0
0,1640,0
0,2765,0
0,2765,0
0,2783,0
0,2765,0
0,2276,0
0,2276,0
0,2276,0
0,2276,0
0,2276,0
0,2276,0
0,2276,0
0,2276,0
0,2276,0
0,2276,0
0,2276,0
0,2276,0
0,2276,0
0,2276,0
0,2276,0
0,2276,0
0,2276,0
0,2276,0
0,2276,0
0,2276,0
0,2276,0
0,2276,0
0,2589,0
0,2607,0
0,2589,0
0,2607,0
0,2589,0
0,2607,0
0,2585,0
0,2584,0
0,2602,0
0,2639,0
0,3356,88
0,0,70
0,0,88
0,1838,70
0,1856,0
0,2639,0
0,2621,0
0,2276,0
0,2276,0
0,1,0
0,1,0
0,1,0
0,1,0
0,1,0
0,0,226
0,0,244
0,0,262
0,0,280
0,0,298
0,3232,316
0,3250,334
0,3268,352
0,3286,370
0,3304,388
0,3322,406
11075,3340,424
0,1622,0
0,1640,0
0,2766,0
0,2766,0
0,2784,0
0,2766,0
0,2276,0
0,2276,0
0,2276,0
0,2276,0
0,2276,0
0,2276,0
0,2276,0
0,2276,0
0,2276,0
0,2276,0
0,2276,0
0,2276,0
0,2276,0
0,2276,0
0,2276,0
0,2276,0
0,2276,0
0,2276,0
0,2276,0
0,2276,0
0,2590,0
0,2608,0
0,2590,0
0,2608,0
0,2590,0
0,2608,0
0,2590,0
0,2608,0
0,2590,0
0,2585,0
0,2603,0
0,2640,0
0,3357,85
0,0,67
0,0,85
0,1838,67
0,1856,0
0,2640,0
0,2622,0
0,2276,0
0,2276,0
0,1,0
0,1,0
0,1,0
0,1,0
0,1,0
0,0,227
0,0,245
0,0,263
0,0,281
0,0,299
0,3233,317
0,3251,335
0,3269,353
0,3287,371
0,3305,389
0,3323,407
11048,3341,425
0,1622,0
0,1640,0
0,2767,0
0,2767,0
0,2785,0
0,2767,0
0,2276,0
0,2276,0
0,2276,0
0,2276,0
0,2276,0
0,2276,0
0,2276,0
0,2276,0
0,2276,0
0,2276,0
0,2276,0
0,2276,0
0,2276,0
0,2276,0
0,2276,0
0,2276,0
0,2276,0
0,2276,0
0,2276,0
0,2609,0
0,2591,0
0,2584,0
0,2602,0
0,2584,0
0,2602,0
0,2584,0
0,2602,0
0,2584,0
0,2602,0
0,2584,0
0,2602,0
0,2641,0
0,3358,86
0,0,68
0,0,86
0,1838,68
0,1856,0
0,2641,0
0,2623,0
0,2276,0
0,2276,0
0,1,0
0,1,0
0,1,0
0,1,0
0,1,0
0,0,228
0,0,246
0,0,264
0,0,282
0,0,300
0,3234,318
0,3252,336
0,3270,354
0,3288,372
0,3306,390
0,3324,408
0,3342,426
0,1622,0
0,1640,0
0,2764,0
0,2764,0
0,2782,0
0,2764,0
0,2276,0
0,2276,0
0,2276,0
0,2276,0
0,2276,0
0,2276,0
0,2276,0
0,2276,0
0,2276,0
0,2276,0
0,2276,0
0,2276,0
0,2276,0
0,2276,0
0,2276,0
0,2276,0
0,2276,0
0,2276,0
0,2588,0
0,2606,0
0,2588,0
0,2585,0
0,2603,0
0,2585,0
0,2603,0
0,2585,0
0,2603,0
0,2585,0
0,2603,0
0,2585,0
0,2603,0
0,2638,0
0,3355,87
0,0,69
0,0,87
0,1838,69
0,1856,0
0,2638,0
0,2620,0
0,2276,0
0,2276,0
0,1,0
0,1,0
0,1,0
0,1,0
0,1,0
0,0,229
0,0,247
0,0,265
0,0,283
0,0,301
0,3235,319
0,3253,337
0,3271,355
0,3289,373
0,3307,391
0,3325,409
0,3343,427
0,1622,0
0,1640,0
0,2765,0
0,2765,0
0,2783,0
0,2765,0
0,2276,0
0,2276,0
0,2276,0
0,2276,0
0,2276,0
0,2276,0
0,2276,0
0,2276,0
0,2276,0
0,2276,0
0,2276,0
0,2276,0
0,2276,0
0,2276,0
0,2276,0
0,2276,0
0,2276,0
0,2276,0
0,2589,0
0,2607,0
0,2584,0
0,2639,0
0,1877,0
0,1877,0
0,1877,0
0,1877,0
0,1877,0
0,2030,0
0,2621,0
0,2639,0
0,2621,0
0,2639,0
0,3356,88
0,0,70
0,0,88
0,1838,70
0,1856,0
0,2639,0
0,2621,0
0,1,0
0,1,0
0,1,0
0,1,0
0,1,0
0,1,0
0,1,0
0,0,230
0,0,248
0,0,266
0,0,284
0,0,302
0,3236,320
0,3254,338
0,3272,356
0,3290,374
0,3308,392
0,3326,410
0,3344,428
0,1622,0
0,1640,0
0,2766,0
0,2766,0
0,2784,0
0,2766,0
0,2276,0
0,2276,0
0,2276,0
0,2276,0
0,2276,0
0,2276,0
0,2276,0
0,2276,0
0,2276,0
0,2276,0
0,2276,0
0,2276,0
0,2276,0
0,2276,0
0,2276,0
0,2276,0
0,2276,0
0,2608,0
0,2590,0
0,2584,0
0,2585,0
0,3375,574
0,1860,194
0,1860,195
0,1860,194
0,1860,194
0,2013,0
0,1856,0
0,2622,0
0,2640,0
0,2622,0
0,2640,0
0,3357,85
0,0,67
0,0,85
0,1838,67
0,1856,0
0,2640,0
0,2622,0
0,2276,0
0,2276,0
0,1,0
0,1,0
0,1,0
0,1,0
0,1,0
0,0,231
0,0,249
0,0,267
0,0,285
0,0,303
0,0,321
0,3255,339
0,3273,357
0,3291,375
0,3309,393
0,3327,411
0,3345,429
0,1622,0
0,1640,0
0,2767,0
0,2767,0
0,2785,0
0,2767,0
0,2276,0
0,2276,0
0,2276,0
0,2276,0
0,2276,0
0,2276,0
0,2276,0
0,2276,0
0,2276,0
0,2276,0
0,2276,0
0,2276,0
0,2276,0
0,2276,0
0,2276,0
0,2276,0
0,2276,0
0,2609,0
0,2591,0
0,2585,0
0,2585,0
0,3376,574
0,0,197
0,0,388
0,0,196
2955,0,194
0,1838,194
0,1855,0
0,2623,0
0,2641,0
0,2623,0
0,2641,0
0,3358,86
0,638,0
0,0,86
0,1838,68
0,1856,0
0,2641,0
0,2623,0
0,2276,0
0,2276,0
0,1,0
0,1,0
0,1,0
0,1,0
0,1,0
0,0,232
0,0,250
0,0,268
0,0,286
0,0,304
0,0,322
0,3256,340
0,3274,358
0,3292,376
0,3310,394
0,3328,412
0,3346,430
0,1622,0
0,1640,0
0,2764,0
0,2764,0
0,2782,0
0,2764,0
0,2276,0
0,2276,0
0,2276,0
0,2276,0
0,2276,0
0,2276,0
0,2276,0
0,2276,0
0,2276,0
0,2276,0
0,2276,0
0,2276,0
0,2276,0
0,2276,0
0,2276,0
0,2276,0
0,2276,0
0,2606,0
0,2588,0
0,2586,0
0,2586,0
0,3373,574
0,0,194
0,0,212
0,0,194
0,0,194
0,1838,194
0,1855,0
0,2620,0
0,2638,0
0,2620,0
0,2638,0
0,3355,87
0,0,69
0,0,87
0,1838,69
0,1856,0
0,2638,0
0,2620,0
0,2276,0
0,2276,0
0,1,0
0,1,0
0,1,0
0,1,0
0,1,0
0,0,233
0,0,251
0,0,269
0,0,287
0,0,305
0,0,323
0,3257,341
0,3275,359
0,3293,377
0,3311,395
0,3329,413
0,0,431
0,1622,0
0,1640,0
0,2765,0
0,2765,0
0,2783,0
0,2765,0
0,2276,0
0,2276,0
0,2276,0
0,2276,0
0,2276,0
0,2276,0
0,2276,0
0,2276,0
0,2276,0
0,2276,0
0,2276,0
0,2276,0
0,2276,0
0,2276,0
0,2276,0
0,2276,0
0,2276,0
0,2607,0
0,2589,0
0,2587,0
0,2587,0
0,3374,574
0,0,194
0,0,195
0,0,195
0,0,195
0,1838,194
0,1855,0
0,2621,0
0,2639,0
0,2621,0
0,2639,0
0,3356,88
0,0,70
0,0,88
0,1838,70
0,1856,0
0,2639,0
0,2621,0
0,2276,0
0,2276,0
0,1,0
0,1,0
0,1,0
0,1,0
0,1,0
0,0,216
0,0,234
0,0,252
0,0,270
0,0,288
0,0,306
0,0,324
0,0,342
0,0,360
0,0,378
0,0,396
0,0,414
0,1622,0
0,1640,0
0,2766,0
0,2766,0
0,2784,0
0,2766,0
0,2276,0
0,2276,0
0,2276,0
0,2276,0
0,2276,0
0,2276,0
0,2276,0
0,2276,0
0,2276,0
0,2276,0
0,2276,0
0,2276,0
0,2276,0
0,2276,0
0,2276,0
0,2276,0
0,2276,0
0,2608,0
0,2590,0
0,2584,0
0,2584,0
0,3375,574
0,0,197
0,0,408
0,0,426
11067,3065,16
0,1838,194
0,1855,0
0,2622,0
0,2640,0
0,2622,0
0,2640,0
0,3357,85
0,0,67
0,0,85
0,1838,67
0,1856,0
0,2640,0
0,2622,0
0,2276,0
0,2276,0
0,1,0
0,1,0
0,1,0
0,1,0
0,1,0
0,0,217
0,0,235
0,0,253
0,0,271
0,0,289
0,0,307
0,3240,325
0,3258,343
0,3276,361
0,3294,379
0,3312,397
0,3330,415
0,1622,0
0,1640,0
0,2767,0
0,2767,0
0,2785,0
0,2767,0
0,2276,0
0,2276,0
0,2276,0
0,2276,0
0,2276,0
0,2276,0
0,2276,0
0,2276,0
0,2276,0
0,2276,0
0,2276,0
0,2276,0
0,2276,0
0,2276,0
0,2276,0
0,2276,0
0,2276,0
0,2609,0
0,2591,0
0,2585,0
0,2585,0
0,3376,574
0,0,197
0,0,409
0,0,427
11016,0,16
0,1844,80
0,1856,0
2620,0,0
2638,0,0
2638,0,0
2638,0,0
3355,0,86
0,0,68
0,0,86
0,1838,68
0,1856,0
0,2641,0
0,2623,0
0,2276,0
0,2276,0
0,1,0
0,1,0
0,1,0
0,1,0
0,1,0
0,0,218
0,0,236
0,0,254
0,0,272
0,0,290
0,0,308
0,3241,326
0,3259,344
0,3277,362
0,3295,380
0,3313,398
0,3331,416
0,1622,0
0,1640,0
0,2764,0
0,2764,0
0,2782,0
0,2764,0
0,2276,0
0,2276,0
0,2276,0
0,2276,0
0,2276,0
0,2276,0
0,2276,0
0,2276,0
0,2276,0
0,2276,0
0,2276,0
0,2276,0
0,2276,0
0,2276,0
0,2276,0
0,2276,0
0,2276,0
0,2606,0
0,2588,0
0,2586,0
0,2586,0
0,3373,574
0,0,194
2917,0,212
0,0,212
0,1885,212
0,1845,80
1863,1882,0
2621,1882,0
2639,1882,0
2639,1882,0
2639,1882,0
3356,1882,87
0,1881,69
0,1883,87
0,1838,69
0,1856,0
0,2638,0
0,2620,0
0,2276,0
0,2276,0
0,1,0
0,1,0
0,1,0
0,1,0
0,1,0
0,0,219
0,0,237
0,0,255
0,0,273
0,0,291
0,3224,309
0,3242,327
0,3260,345
0,3278,363
0,3296,381
0,3314,399
11101,3332,417
0,1622,0
0,1640,0
0,2765,0
0,2765,0
0,2783,0
0,2765,0
0,2276,0
0,2276,0
0,2276,0
0,2276,0
0,2276,0
0,2276,0
0,2276,0
0,2276,0
0,2276,0
0,2276,0
0,2276,0
0,2276,0
0,2276,0
0,2276,0
0,2276,0
0,2276,0
0,2276,0
0,2607,0
0,2589,0
0,2587,0
0,2587,0
0,3374,574
0,0,194
2917,0,195
0,0,194
0,0,194
0,1846,80
0,1856,0
2622,0,0
2640,0,0
2640,0,0
2640,0,0
3357,0,88
0,0,70
0,0,88
0,1838,70
0,1856,0
0,2639,0
0,2621,0
0,2276,0
0,2276,0
0,1,0
0,1,0
0,1,0
0,1,0
0,1,0
0,0,220
0,0,238
0,0,256
0,0,274
0,0,292
0,3225,310
0,3243,328
0,3261,346
0,3279,364
0,3297,382
0,3315,400
11030,3333,418
0,1622,0
0,1640,0
0,2766,0
0,2766,0
0,2784,0
0,2766,0
0,2276,0
0,2276,0
0,2276,0
0,2276,0
0,2276,0
0,2276,0
0,2276,0
0,2276,0
0,2276,0
0,2276,0
0,2276,0
0,2276,0
0,2276,0
0,2276,0
0,2276,0
0,2276,0
0,2276,0
0,2276,0
0,2590,0
0,2584,0
0,2584,0
0,3375,574
0,1996,197
0,1996,388
0,1996,196
0,1996,194
0,1996,22
0,2032,0
0,2622,0
0,2640,0
0,2622,0
0,2640,0
0,3357,85
0,0,67
0,0,85
0,1838,67
0,1856,0
0,2640,0
0,2622,0
0,2276,0
0,2276,0
0,1,0
0,1,0
0,1,0
0,1,0
0,1,0
0,0,221
0,0,239
0,0,257
0,0,275
0,0,293
0,3226,311
0,3244,329
0,3262,347
0,3280,365
0,3298,383
0,3316,401
0,3334,427
0,1622,0
0,1640,0
0,2767,0
0,2767,0
0,2785,0
0,2767,0
0,2276,0
0,2276,0
0,2276,0
0,2276,0
0,2276,0
0,2276,0
0,2276,0
0,2276,0
0,2276,0
0,2276,0
0,2276,0
0,2276,0
0,2276,0
0,2276,0
0,2276,0
0,2276,0
0,2276,0
0,2276,0
0,2591,0
0,2609,0
0,2585,0
0,2641,0
0,2623,0
0,2641,0
0,2623,0
0,2641,0
0,2623,0
0,2641,0
0,2623,0
0,2641,0
0,2623,0
0,2641,0
0,3358,86
2918,0,68
0,0,86
0,1838,68
0,1856,0
0,2641,0
0,2623,0
0,2276,0
0,2276,0
0,1,0
0,1,0
0,1,0
0,1,0
0,1,0
0,0,222
0,0,240
0,0,258
0,0,276
0,0,294
0,3227,312
0,3245,330
0,3263,348
0,3281,366
0,3299,384
0,3317,402
0,3335,420
0,1622,0
0,1640,0
0,2764,0
0,2764,0
0,2782,0
0,2764,0
0,2276,0
0,2276,0
0,2276,0
0,2276,0
0,2276,0
0,2276,0
0,2276,0
0,2276,0
0,2276,0
0,2276,0
0,2276,0
0,2276,0
0,2276,0
0,2276,0
0,2276,0
0,2276,0
0,2276,0
0,2276,0
0,2276,0
0,2606,0
0,2588,0
0,2606,0
0,2588,0
0,2602,0
0,2584,0
0,2602,0
0,2584,0
0,2638,0
0,2620,0
0,2638,0
0,2620,0
0,2638,0
0,3355,87
2918,0,69
0,0,87
0,1838,69
0,1856,0
0,2638,0
0,2620,0
0,2276,0
0,2276,0
0,1,0
0,1,0
0,1,0
0,1,0
0,1,0
0,0,223
0,0,241
0,0,259
0,0,277
0,0,295
0,3228,313
0,3246,331
0,3264,349
0,3282,367
0,3300,385
0,3318,403
0,3336,421
0,1622,0
0,1640,0
0,2765,0
0,2765,0
0,2783,0
0,2765,0
0,2276,0
0,2276,0
0,2276,0
0,2276,0
0,2276,0
0,2276,0
0,2276,0
0,2276,0
0,2276,0
0,2276,0
0,2276,0
0,2276,0
0,2276,0
0,2276,0
0,2276,0
0,2276,0
0,2276,0
0,2276,0
0,2276,0
0,2607,0
0,2589,0
0,2607,0
0,2589,0
0,2607,0
0,2589,0
0,2603,0
0,2585,0
0,2603,0
0,2621,0
0,2639,0
0,2621,0
0,2639,0
0,3356,88
0,1996,70
0,1996,88
0,1996,22
0,2032,0
0,2639,0
0,2621,0
0,2276,0
0,2276,0
0,1,0
0,1,0
0,1,0
0,1,0
0,1,0
0,0,224
0,0,242
0,0,260
0,0,278
0,0,296
0,0,314
0,3247,332
0,3265,350
0,3283,368
0,3301,386
0,3319,404
0,3337,422
0,1622,0
0,1640,0
0,2766,0
0,2766,0
0,2784,0
0,2766,0
0,2276,0
0,2276,0
0,2276,0
0,2276,0
0,2276,0
0,2276,0
0,2276,0
0,2276,0
0,2276,0
0,2276,0
0,2276,0
0,2276,0
0,2276,0
0,2276,0
0,2276,0
0,2276,0
0,2276,0
0,2276,0
0,2276,0
0,2276,0
0,2276,0
0,2608,0
0,2590,0
0,2608,0
0,2590,0
0,2608,0
0,2590,0
0,2604,0
0,2622,0
0,2604,0
0,2622,0
0,2640,0
0,2622,0
0,2640,0
0,2622,0
0,2640,0
0,2622,0
0,2640,0
0,2622,0
0,1,0
0,1,0
0,1,0
0,1,0
0,1,0
0,1,0
0,1,0
0,0,225
0,0,243
0,0,261
0,0,279
0,0,297
0,0,315
0,0,333
0,0,351
0,0,369
0,0,387
0,0,405
0,0,423
0,1622,0
0,1640,0
0,2767,0
0,2767,0
0,2785,0
0,2767,0
0,2276,0
0,2276,0
0,2276,0
0,2276,0
0,2276,0
0,2276,0
0,2276,0
0,2276,0
0,2276,0
0,2276,0
0,2276,0
0,2276,0
0,2276,0
0,2276,0
0,2276,0
0,2276,0
0,2276,0
0,2276,0
0,2276,0
0,2276,0
0,2276,0
0,2276,0
0,2276,0
0,2276,0
0,2276,0
0,2609,0
0,2591,0
0,2609,0
0,2591,0
0,2605,0
0,2587,0
0,2605,0
0,2587,0
0,2605,0
0,2587,0
0,2605,0
0,2587,0
0,2605,0
0,2587,0
0,2276,0
0,2276,0
0,1,0
0,1,0
0,1,0
0,1,0
0,1,0
0,0,226
0,0,244
0,0,262
0,0,280
0,0,298
0,0,316
0,0,334
0,0,352
0,0,370
0,0,388
0,0,406
0,0,424
0,1622,0
0,1640,0
0,2764,0
0,2764,0
0,2782,0
0,2764,0
0,2276,0
0,2276,0
0,2276,0
0,2276,0
0,2276,0
0,2276,0
0,2276,0
0,2276,0
0,2276,0
0,2276,0
0,2276,0
0,2276,0
0,2276,0
0,2276,0
0,2276,0
0,2276,0
0,2276,0
0,2276,0
0,2276,0
0,2276,0
0,2276,0
0,2276,0
0,2276,0
0,2276,0
0,2276,0
0,2276,0
0,2588,0
0,2606,0
0,2588,0
0,2606,0
0,2588,0
0,2606,0
0,2588,0
0,2606,0
0,2588,0
0,2606,0
0,2588,0
0,2606,0
0,2588,0
0,2276,0
0,2276,0
0,1,0
0,1,0
0,1,0
0,1,0
0,1,0
0,0,227
0,0,245
0,0,263
0,0,281
0,0,299
0,0,317
0,0,335
0,0,353
0,0,371
0,0,389
0,0,407
0,0,425
0,1622,0
0,1640,0
0,2765,0
0,2765,0
0,2783,0
0,2765,0
0,2276,0
0,2276,0
0,2276,0
0,2276,0
0,2276,0
0,2276,0
0,2276,0
0,2276,0
0,2276,0
0,2276,0
0,2276,0
0,2276,0
0,2276,0
0,2276,0
0,2276,0
0,2276,0
0,2276,0
0,2276,0
0,2276,0
0,2276,0
0,2276,0
0,2276,0
0,2276,0
0,2276,0
0,2276,0
0,2276,0
0,2276,0
0,2607,0
0,2589,0
0,2607,0
0,2589,0
0,2607,0
0,2589,0
0,2607,0
0,2589,0
0,2607,0
0,2589,0
0,2607,0
0,2589,0
0,2276,0
0,2276,0
0,1,0
0,1,0
0,1,0
0,1,0
0,1,0
0,0,228
0,0,246
0,0,264
0,0,282
0,0,300
0,0,318
0,0,336
0,0,354
0,0,372
0,0,390
0,0,408
0,0,426
0,1622,0
0,1640,0
0,2766,0
0,2766,0
0,2784,0
0,2766,0
0,2276,0
0,2276,0
0,2276,0
0,2276,0
0,2276,0
0,2276,0
0,2276,0
0,2276,0
0,2276,0
0,2276,0
0,2276,0
0,2276,0
0,2276,0
0,2276,0
0,2276,0
0,2276,0
0,2276,0
0,2276,0
0,2276,0
0,2276,0
0,2276,0
0,2276,0
0,2276,0
0,2276,0
0,2276,0
0,2276,0
0,2276,0
0,2276,0
0,2276,0
0,2276,0
0,2276,0
0,2608,0
0,2590,0
0,2608,0
0,2590,0
0,2608,0
0,2590,0
0,2608,0
0,2590,0
0,2276,0
0,2276,0
0,1,0
0,1,0
0,1,0
0,1,0
0,1,0
0,0,229
0,0,247
0,0,265
0,0,283
0,0,301
0,0,104
0,0,337
0,0,355
0,0,373
0,0,391
0,0,409
0,0,427
0,3188,20
0,3206,0
0,2767,0
0,2767,0
0,2785,0
0,2767,0
0,2276,0
0,2276,0
0,2276,0
0,2276,0
0,2276,0
0,2276,0
0,2276,0
0,2276,0
0,2276,0
0,2276,0
0,2276,0
0,2276,0
0,2276,0
0,2276,0
0,2276,0
0,2276,0
0,2276,0
0,2276,0
0,2276,0
0,2276,0
0,2276,0
0,2276,0
0,2276,0
0,2276,0
0,2276,0
0,2276,0
0,2276,0
0,2276,0
0,2276,0
0,2276,0
0,2276,0
0,2276,0
0,2276,0
0,2276,0
0,2276,0
0,2276,0
0,2276,0
0,2276,0
0,2276,0
0,2276,0
0,2276,0
0,1,0
0,1,0
0,1,0
0,1,0
0,1,0
0,0,230
0,0,248
0,0,266
0,0,284
2917,0,302
0,0,320
0,0,338
0,0,356
0,0,374
0,0,392
0,0,410
0,0,428
0,3189,20
0,3207,0
0,2764,0
0,2764,0
0,2782,0
0,2764,0
0,2276,0
0,2276,0
0,2276,0
0,2276,0
0,2276,0
0,2276,0
0,2276,0
0,2276,0
0,2276,0
0,2276,0
0,2276,0
0,2276,0
0,2276,0
0,2276,0
0,2276,0
0,2276,0
0,2276,0
0,2276,0
0,2276,0
0,2276,0
0,2276,0
0,2276,0
0,2276,0
0,2276,0
0,2276,0
0,2276,0
0,2276,0
0,2276,0
0,2276,0
0,2276,0
0,2276,0
0,2276,0
0,2276,0
0,2276,0
0,2276,0
0,2276,0
0,2276,0
0,2276,0
0,2276,0
0,2276,0
0,2276,0
0,1,0
0,1,0
0,1,0
0,1,0
0,1,0
0,0,231
0,0,249
0,0,267
2917,0,285
0,0,303
0,0,321
0,0,339
0,0,357
0,0,375
0,0,393
0,0,411
0,0,429
0,1622,0
0,1640,0
0,2765,0
0,2765,0
0,2783,0
0,2765,0
0,2276,0
0,2276,0
0,2276,0
0,2276,0
0,2276,0
0,2276,0
0,2276,0
0,2276,0
0,2276,0
0,2276,0
0,2276,0
0,2276,0
0,2276,0
0,2276,0
0,2276,0
0,2276,0
0,2276,0
0,2276,0
0,2276,0
0,2276,0
0,2276,0
0,2276,0
0,2276,0
0,2276,0
0,2276,0
0,2276,0
0,2276,0
0,2276,0
0,2276,0
0,2276,0
0,2276,0
0,2276,0
0,2276,0
0,2276,0
0,2276,0
0,2276,0
0,2276,0
0,2276,0
0,2276,0
0,2276,0
0,2276,0
0,1,0
0,1,0
0,1,0
0,1,0
0,1,0
0,0,232
0,0,250
0,0,268
2917,0,286
0,0,304
0,0,322
0,0,340
0,0,358
0,0,376
0,0,394
0,0,412
0,0,430
0,1622,0
0,1640,0
0,2766,0
0,2766,0
0,2784,0
0,2766,0
0,2276,0
0,2276,0
0,2276,0
0,2276,0
0,2276,0
0,2276,0
0,2276,0
0,2276,0
0,2276,0
0,2276,0
0,2276,0
0,2276,0
0,2276,0
0,2276,0
0,2276,0
0,2276,0
0,2276,0
0,2276,0
0,2276,0
0,2276,0
0,2276,0
0,2276,0
0,2276,0
0,2276,0
0,2276,0
0,2276,0
0,2276,0
0,2276,0
0,2276,0
0,2276,0
0,2276,0
0,2276,0
0,2276,0
0,2276,0
0,2276,0
0,2276,0
0,2276,0
0,2276,0
0,2276,0
0,2276,0
0,2276,0
0,1,0
0,1,0
0,1,0
0,1,0
0,1,0
0,0,233
0,0,251
0,0,269
0,0,287
2917,0,305
0,0,323
0,0,341
0,0,359
0,0,377
0,0,395
0,0,413
0,0,431
0,1622,0
0,1719,0
0,2767,0
0,2767,0
0,2785,0
0,2767,0
0,2276,0
0,2276,0
0,2276,0
0,2276,0
0,2276,0
0,2276,0
0,2276,0
0,2276,0
0,2276,0
0,2276,0
0,2276,0
0,2276,0
0,2276,0
0,2276,0
0,2276,0
0,2276,0
0,2276,0
0,2276,0
0,2276,0
0,2276,0
0,2276,0
0,2276,0
0,2276,0
0,2276,0
0,2276,0
0,2276,0
0,2276,0
0,2276,0
0,2276,0
0,2276,0
0,2276,0
0,2276,0
0,2276,0
0,2276,0
0,2276,0
0,2276,0
0,2276,0
0,2276,0
0,2276,0
0,2276,0
0,2276,0
0,1,0
0,1,0
0,1,0
0,1,0
0,1,0
0,0,216
0,0,234
0,0,252
0,0,270
0,0,288
0,0,306
0,0,324
0,0,342
0,0,360
0,0,378
0,0,396
0,1754,414
0,1702,0
0,1720,67
0,2764,85
0,2764,0
0,2782,0
0,2764,0
0,2276,0
0,2276,0
0,2276,0
0,2276,0
0,2276,0
0,2276,0
0,2276,0
0,2276,0
0,2276,0
0,2276,0
0,2276,0
0,2276,0
0,2276,0
0,2276,0
0,2276,0
0,2276,0
0,2276,0
0,2276,0
0,2276,0
0,2276,0
0,2276,0
0,2276,0
0,2276,0
0,2276,0
0,2276,0
0,2276,0
0,2276,0
0,2276,0
0,2276,0
0,2276,0
0,2276,0
0,2276,0
0,2276,0
0,2276,0
0,2276,0
0,2276,0
0,2276,0
0,2276,0
0,2276,0
0,2276,0
0,2276,0
0,1,0
0,1,0
0,1,0
0,1,0
0,1,0
0,0,217
0,0,235
0,0,253
0,0,271
0,0,289
0,0,307
0,0,325
0,0,343
0,0,361
0,0,379
0,0,397
0,1771,415
0,1789,0
0,2783,68
0,2765,86
0,2765,0
0,2783,0
0,2765,0
0,2276,0
0,2276,0
0,2276,0
0,2276,0
0,2276,0
0,2276,0
0,2276,0
0,2276,0
0,2276,0
0,2276,0
0,2276,0
0,2276,0
0,2276,0
0,2276,0
0,2276,0
0,2276,0
0,2276,0
0,2276,0
0,2276,0
0,2276,0
0,2276,0
0,2276,0
0,2276,0
0,2276,0
0,2276,0
0,2276,0
0,2276,0
0,2276,0
0,2276,0
0,2276,0
0,2276,0
0,2276,0
0,2276,0
0,2276,0
0,2276,0
0,2276,0
0,2276,0
0,2276,0
0,2276,0
0,2276,0
0,2276,0
0,1,0
0,1,0
0,1,0
0,1,0
0,1,0
0,0,218
0,0,236
0,0,254
0,0,272
0,0,290
0,0,308
0,0,326
0,0,344
0,0,362
0,0,380
0,1754,398
0,1772,416
0,1790,67
0,2784,85
0,2766,0
0,2766,0
0,2784,0
0,2766,0
0,2276,0
0,2276,0
0,2590,0
0,2608,0
0,2590,0
0,2608,0
0,2590,0
0,2608,0
0,2590,0
0,2608,0
0,2276,0
0,2276,0
0,2276,0
0,2276,0
0,2276,0
0,2276,0
0,2276,0
0,2276,0
0,2276,0
0,2276,0
0,2276,0
0,2276,0
0,2276,0
0,2276,0
0,2276,0
0,2276,0
0,2276,0
0,2276,0
0,2276,0
0,2276,0
0,2276,0
0,2276,0
0,2276,0
0,2276,0
0,2276,0
0,2276,0
0,2276,0
0,2276,0
0,2276,0
0,2276,0
0,2276,0
0,1,0
0,1,0
0,1,0
0,1,0
0,1,0
0,0,219
0,0,237
0,0,255
0,0,273
0,0,291
0,0,309
0,0,327
0,0,345
0,0,363
0,0,381
0,1708,399
0,1726,417
0,2767,68
0,2785,86
0,2767,0
0,2767,0
0,2785,0
0,2767,0
0,2276,0
0,2609,0
0,2591,0
0,2605,0
0,2587,0
0,2605,0
0,2587,0
0,2605,0
0,2587,0
0,2609,0
0,2591,0
0,2609,0
0,2276,0
0,2276,0
0,2276,0
0,2276,0
0,2276,0
0,2276,0
0,2276,0
0,2276,0
0,2276,0
0,2276,0
0,2276,0
0,2276,0
0,2276,0
0,2276,0
0,2276,0
0,2276,0
0,2276,0
0,2276,0
0,2276,0
0,2276,0
0,2276,0
0,2276,0
0,2276,0
0,2276,0
0,2276,0
0,2276,0
0,2276,0
0,2276,0
0,2276,0
0,1,0
0,1,0
0,1,0
0,1,0
0,1,0
0,0,220
0,0,238
0,0,256
0,0,274
0,0,292
0,0,310
2610,0,328
0,0,346
0,0,364
0,0,382
0,1709,400
0,1727,418
0,2764,0
0,2782,0
0,2764,0
0,2764,0
0,2782,0
0,2764,0
0,2276,0
0,2606,0
0,2584,0
0,2638,0
0,2620,0
0,2638,0
0,2620,0
0,2638,0
0,2620,0
0,2638,0
0,2584,0
0,2606,0
0,2276,0
0,2276,0
0,2276,0
0,2276,0
0,2276,0
0,2276,0
0,2276,0
0,2276,0
0,2276,0
0,2276,0
0,2276,0
0,2276,0
0,2276,0
0,2276,0
0,2276,0
0,2276,0
0,2276,0
0,2276,0
0,2276,0
0,2276,0
0,2276,0
0,2276,0
0,2276,0
0,2276,0
0,2276,0
0,2276,0
0,2276,0
0,1,0
0,1,0
0,1,0
0,1,0
0,1,0
0,1,0
0,1,0
0,0,221
0,0,239
0,0,257
0,0,275
0,0,293
2610,0,311
0,0,115
0,0,347
0,0,365
0,0,383
0,1622,401
0,1653,419
0,2765,0
0,2783,0
0,2765,0
0,2765,0
0,2783,0
0,2765,0
0,2589,0
0,2603,0
0,2585,0
0,2639,0
0,1877,0
0,1877,0
0,1877,0
0,1877,0
0,1877,0
0,2030,0
0,2621,0
0,2607,0
0,2589,0
0,2276,0
0,2276,0
0,2276,0
0,2276,0
0,2276,0
0,2276,0
0,2276,0
0,2276,0
0,2276,0
0,2276,0
0,2276,0
0,2276,0
0,2276,0
0,2276,0
0,2276,0
0,2276,0
0,2276,0
0,2276,0
0,2276,0
0,2276,0
0,2276,0
0,2276,0
0,2276,0
0,2276,0
0,2276,0
0,2276,0
0,2276,0
0,2276,0
0,1,0
0,1,0
0,1,0
0,1,0
0,1,0
0,0,222
0,0,240
0,0,258
0,0,276
0,0,294
2610,0,312
0,0,116
0,0,348
0,0,366
0,0,384
0,1636,402
0,1654,420
0,2766,67
0,2784,85
0,2766,0
0,2766,0
0,2784,0
0,2766,0
0,2590,0
0,2604,0
0,2622,0
0,3375,80
0,1860,194
0,1860,194
0,1860,194
0,1860,194
0,2013,0
0,2031,0
0,2622,0
0,2604,0
0,2590,0
0,2276,0
0,2276,0
0,2276,0
0,2276,0
0,2276,0
0,2276,0
0,2276,0
0,2276,0
0,2276,0
0,2276,0
0,2276,0
0,2276,0
0,2276,0
0,2276,0
0,2276,0
0,2276,0
0,2276,0
0,2276,0
0,2276,0
0,2276,0
0,2276,0
0,2276,0
0,2276,0
0,2276,0
0,2276,0
0,2276,0
0,2276,0
0,2276,0
0,1,0
0,1,0
0,1,0
0,1,0
0,1,0
0,0,223
0,0,241
0,0,259
0,0,277
0,0,295
0,0,313
2610,0,331
0,0,349
0,0,367
0,0,385
0,1658,403
0,1676,421
0,1694,68
0,2785,86
0,2767,0
0,2767,0
0,2785,0
0,2767,0
0,2591,0
0,2605,0
0,2623,0
0,3376,80
0,0,194
0,2916,195
0,2916,195
0,0,195
0,1838,194
0,1856,0
0,2623,0
0,2605,0
0,2591,0
0,2276,0
0,2276,0
0,2276,0
0,2276,0
0,2276,0
0,2276,0
0,2276,0
0,2276,0
0,2276,0
0,2276,0
0,2276,0
0,2276,0
0,2276,0
0,2276,0
0,2276,0
0,2276,0
0,2276,0
0,2276,0
0,2276,0
0,2276,0
0,2276,0
0,2276,0
0,2276,0
0,2276,0
0,2276,0
0,2276,0
0,2276,0
0,2276,0
0,1,0
0,1,0
0,1,0
0,1,0
0,1,0
0,0,224
0,0,242
0,0,260
0,0,278
0,0,296
0,0,314
0,0,332
0,0,350
0,0,368
0,0,386
0,1659,404
0,1677,422
0,1695,0
0,1713,67
0,2764,85
0,2764,0
0,2782,0
0,2764,0
0,2588,0
0,2602,0
0,2620,0
0,3373,80
0,0,197
0,0,408
0,0,426
11078,3065,16
0,1838,194
0,1856,0
0,2620,0
0,2602,0
0,2588,0
0,2276,0
0,2276,0
0,2276,0
0,2276,0
0,2276,0
0,2276,0
0,2276,0
0,2276,0
0,2276,0
0,2276,0
0,2276,0
0,2276,0
0,2276,0
0,2276,0
0,2276,0
0,2276,0
0,2276,0
0,2276,0
0,2276,0
0,2276,0
0,2276,0
0,2276,0
0,2276,0
0,2276,0
0,2276,0
0,2276,0
0,2276,0
0,2276,0
0,1,0
0,1,0
0,1,0
0,1,0
0,1,0
0,0,225
0,0,243
0,0,261
0,0,279
0,0,297
0,0,315
0,0,333
0,0,351
0,0,369
0,0,387
0,0,405
0,1680,423
0,1698,0
0,1716,68
0,2765,86
0,2765,0
0,2783,0
0,2765,0
0,2589,0
0,2603,0
0,2621,0
0,3374,80
0,0,197
0,0,409
0,0,427
11016,0,16
0,1838,194
0,1856,0
0,2621,0
0,2603,0
0,2589,0
0,2276,0
0,2276,0
0,2276,0
0,2276,0
0,2276,0
0,2276,0
0,2276,0
0,2276,0
0,2276,0
0,2276,0
0,2276,0
0,2276,0
0,2276,0
0,2276,0
0,2276,0
0,2276,0
0,2276,0
0,2276,0
0,2276,0
0,2276,0
0,2276,0
0,2276,0
0,2276,0
0,2276,0
0,2276,0
0,2276,0
0,2276,0
0,2276,0
0,1,0
0,1,0
0,1,0
0,1,0
0,1,0
0,0,226
0,0,244
0,0,262
0,0,280
2610,0,298
0,0,316
0,0,334
0,0,352
0,0,370
0,0,388
0,0,406
0,1681,424
0,1699,0
0,1640,0
0,2766,0
0,2766,0
0,2784,0
0,2766,0
0,2590,0
0,2604,0
0,2622,0
0,3375,80
0,1996,194
0,1996,212
0,1996,212
0,1996,212
0,1996,22
0,2032,0
0,2622,0
0,2604,0
0,2590,0
0,2276,0
0,2276,0
0,2276,0
0,2276,0
0,2276,0
0,2276,0
0,2276,0
0,2276,0
0,2276,0
0,2276,0
0,2276,0
0,2276,0
0,2276,0
0,2276,0
0,2276,0
0,2276,0
0,2276,0
0,2276,0
0,2276,0
0,2276,0
0,2276,0
0,2276,0
0,2276,0
0,2276,0
0,2276,0
0,2276,0
0,2276,0
0,2276,0
0,1,0
0,1,0
0,1,0
0,1,0
0,1,0
0,0,227
0,0,245
0,0,263
2610,0,281
0,0,299
0,0,99
0,0,117
0,0,135
0,0,153
0,0,389
0,0,407
0,0,425
0,1622,0
0,1640,0
0,2767,0
0,2767,0
0,2785,0
0,2767,0
0,2276,0
0,2609,0
0,2587,0
0,2641,0
0,2623,0
0,2641,0
0,2623,0
0,2641,0
0,2623,0
0,2641,0
0,2587,0
0,2609,0
0,2276,0
0,2276,0
0,2276,0
0,2276,0
0,2276,0
0,2276,0
0,2276,0
0,2276,0
0,2276,0
0,2276,0
0,2276,0
0,2276,0
0,2276,0
0,2276,0
0,2276,0
0,2276,0
0,2276,0
0,2276,0
0,2276,0
0,2276,0
0,2276,0
0,2276,0
0,2276,0
0,2276,0
0,2276,0
0,2276,0
0,2276,0
0,2276,0
0,2276,0
0,1,0
0,1,0
0,1,0
0,1,0
0,1,0
0,0,228
0,0,246
0,0,264
2610,0,282
0,0,300
0,0,100
0,0,118
0,0,136
0,0,154
0,0,390
0,0,408
0,0,426
0,1622,0
0,1640,0
0,2764,0
0,2764,0
0,2782,0
0,2764,0
0,2276,0
0,2606,0
0,2588,0
0,2602,0
0,2584,0
0,2602,0
0,2584,0
0,2602,0
0,2584,0
0,2602,0
0,2588,0
0,2606,0
0,2276,0
0,2276,0
0,2276,0
0,2276,0
0,2276,0
0,2276,0
0,2276,0
0,2276,0
0,2276,0
0,2276,0
0,2276,0
0,2276,0
0,2276,0
0,2276,0
0,2276,0
0,2276,0
0,2276,0
0,2276,0
0,2276,0
0,2276,0
0,2276,0
0,2276,0
0,2276,0
0,2276,0
0,2276,0
0,2276,0
0,2276,0
0,2276,0
0,2276,0
0,1,0
0,1,0
0,1,0
0,1,0
0,1,0
0,0,229
0,0,247
0,0,265
0,0,283
2610,0,301
0,0,104
0,0,337
0,0,355
0,0,373
0,0,391
0,0,409
0,0,427
0,1622,0
0,1640,0
0,2765,0
0,2765,0
0,2783,0
0,2765,0
0,2276,0
0,2276,0
0,2589,0
0,2607,0
0,2585,0
0,2603,0
0,2585,0
0,2603,0
0,2589,0
0,2607,0
0,2589,0
0,2276,0
0,2276,0
0,2276,0
0,2276,0
0,2276,0
0,2276,0
0,2276,0
0,2276,0
0,2276,0
0,2276,0
0,2276,0
0,2276,0
0,2276,0
0,2276,0
0,2276,0
0,2276,0
0,2276,0
0,2276,0
0,2276,0
0,2276,0
0,2276,0
0,2276,0
0,2276,0
0,2276,0
0,2276,0
0,2276,0
0,2276,0
0,2276,0
0,2276,0
0,2276,0
0,1,0
0,1,0
0,1,0
0,1,0
0,1,0
0,0,230
0,0,248
0,0,266
0,0,284
0,0,302
0,0,320
0,0,338
0,0,356
0,0,374
0,0,392
0,0,410
0,0,428
0,1622,0
0,1640,0
0,2766,0
0,2766,0
0,2784,0
0,2766,0
0,2276,0
0,2276,0
0,2276,0
0,2608,0
0,2590,0
0,2608,0
0,2590,0
0,2608,0
0,2590,0
0,2276,0
0,2276,0
0,2276,0
0,2276,0
0,2276,0
0,2276,0
0,2276,0
0,2276,0
0,2276,0
0,2276,0
0,2276,0
0,2276,0
0,2276,0
0,2276,0
0,2276,0
0,2276,0
0,2276,0
0,2276,0
0,2276,0
0,2276,0
0,2276,0
0,2276,0
0,2276,0
0,2276,0
0,2276,0
0,2276,0
0,2276,0
0,2276,0
0,2276,0
0,2276,0
0,2276,0
0,2276,0
0,1,0
0,1,0
0,1,0
0,1,0
0,1,0
0,0,231
0,0,249
0,0,267
0,0,285
0,0,303
0,0,321
0,0,339
0,0,357
0,0,375
0,0,393
0,0,411
1298,0,429
0,1622,0
0,1640,0
0,2767,0
0,2767,0
0,2785,0
0,2767,0
0,2276,0
0,2276,0
0,2276,0
0,2276,0
0,2276,0
0,2276,0
0,2276,0
0,2276,0
0,2276,0
0,2276,0
0,2276,0
0,2276,0
0,2276,0
0,2276,0
0,2276,0
0,2276,0
0,2276,0
0,2276,0
0,2276,0
0,2276,0
0,2276,0
0,2276,0
0,2276,0
0,2276,0
0,2276,0
0,2276,0
0,2276,0
0,2276,0
0,2276,0
0,2276,0
0,2276,0
0,2276,0
0,2276,0
0,2276,0
0,2276,0
0,2276,0
0,2276,0
0,2276,0
0,2276,0
0,2276,0
0,2276,0
0,1,0
0,1,0
0,1,0
0,1,0
0,1,0
0,0,232
0,0,250
0,0,268
0,0,286
0,0,304
0,0,322
0,0,340
0,0,358
0,0,376
0,0,394
0,0,412
0,0,430
0,1622,0
0,1640,0
0,2764,0
0,2764,0
0,2782,0
0,2764,0
0,2276,0
0,2276,0
0,2276,0
0,2276,0
0,2276,0
0,2276,0
0,2276,0
0,2276,0
0,2276,0
0,2276,0
0,2276,0
0,2276,0
0,2276,0
0,2276,0
0,2276,0
0,2276,0
0,2276,0
0,2276,0
0,2276,0
0,2276,0
0,2276,0
0,2276,0
0,2276,0
0,2276,0
0,2276,0
0,2276,0
0,2276,0
0,2276,0
0,2276,0
0,2276,0
0,2276,0
0,2276,0
0,2276,0
0,2276,0
0,2276,0
0,2276,0
0,2276,0
0,2276,0
0,2276,0
0,2276,0
0,2276,0
0,1,0
0,1,0
0,1,0
0,1,0
0,1,0
0,0,233
0,0,251
0,0,269
0,0,287
0,0,305
0,0,323
0,0,341
0,0,359
0,0,377
0,0,395
0,0,413
0,0,431
0,1622,0
0,1640,0
0,2765,0
0,2765,0
0,2783,0
0,2765,0
0,2276,0
0,2276,0
0,2276,0
0,2276,0
0,2276,0
0,2276,0
0,2276,0
0,2276,0
0,2276,0
0,2276,0
0,2276,0
0,2276,0
0,2276,0
0,2276,0
0,2276,0
0,2276,0
0,2276,0
0,2276,0
0,2276,0
0,2276,0
0,2276,0
0,2276,0
0,2276,0
0,2276,0
0,2276,0
0,2276,0
0,2276,0
0,2276,0
0,2276,0
0,2276,0
0,2276,0
0,2276,0
0,2276,0
0,2276,0
0,2276,0
0,2276,0
0,2276,0
0,2276,0
0,2276,0
0,2276,0
0,2276,0
0,1,0
0,1,0
0,1,0
0,1,0
0,1,0
0,1,0
0,1,0
0,1,0
0,1,0
0,1,0
0,1,0
0,1,0
0,1,0
0,1,0
0,1,0
0,1,0
0,1,0
0,1,0
0,1,0
0,1,0
0,1,0
0,1,0
0,1,0
0,1,0
0,1,0
0,1,0
0,1,0
0,1,0
0,1,0
0,1,0
0,1,0
0,1,0
0,1,0
0,1,0
0,1,0
0,1,0
0,1,0
0,1,0
0,1,0
0,1,0
0,1,0
0,1,0
0,1,0
0,1,0
0,1,0
0,1,0
0,1,0
0,1,0
0,1,0
0,1,0
0,1,0
0,1,0
0,1,0
0,1,0
0,1,0
0,1,0
0,1,0
0,1,0
0,1,0
0,1,0
0,1,0
0,1,0
0,2276,0
0,2276,0
0,1,0
0,1,0
0,1,0
0,1,0
0,1,0
0,1,0
0,1,0
0,1,0
0,1,0
0,1,0
0,1,0
0,1,0
0,1,0
0,1,0
0,1,0
0,1,0
0,1,0
0,1,0
0,1,0
0,1,0
0,1,0
0,1,0
0,1,0
0,1,0
0,1,0
0,1,0
0,1,0
0,1,0
0,1,0
0,1,0
0,1,0
0,1,0
0,1,0
0,1,0
0,1,0
0,1,0
0,1,0
0,1,0
0,1,0
0,1,0
0,1,0
0,1,0
0,1,0
0,1,0
0,1,0
0,1,0
0,1,0
0,1,0
0,1,0
0,1,0
0,1,0
0,1,0
0,1,0
0,1,0
0,1,0
0,1,0
0,1,0
0,1,0
0,1,0
0,1,0
0,1,0
0,1,0
0,2276,0
0,2276,0
0
